 Calor en nodos internos:
            1      -3.957520007125E-02
           11      -4.005958108096E-02
           21        -0.214838376083
           31        -0.105972738199
           41        -0.121927213637
           51        -0.217864752441
           61        -0.228733890561
           71        -0.121759917994
           81        -0.290714965531
           91        -0.213562253908
            2      -8.124195484243E-02
           12        -0.152763444508
           22      -9.634985721467E-02
           32        -0.181532449499
           42        -0.212504949683
           52        -0.311867270777
           62        -0.222315566462
           72        -0.237139733641
           82        -0.285227472966
           92        -0.242078893189
            3      -3.866434147934E-02
           13        -0.145447260830
           23        -0.141472290265
           33        -0.247096772998
           43        -0.371007608244
           53        -0.150393263809
           63        -0.230711409004
           73        -0.491348049661
           83        -0.229333099832
           93        -0.313481950171
            4      -8.104008149292E-02
           14        -0.181037295449
           24        -0.215989774287
           34        -0.310201550177
           44      -6.415893031290E-02
           54        -0.227052194488
           64        -0.230668903203
           74        -0.266139667264
           84        -0.251113099195
           94        -0.364698597068
            5        -0.123425924142
           15      -9.276295796683E-02
           25        -0.257749355731
           35      -5.221045157699E-02
           45        -0.268552582014
           55        -0.275526906909
           65        -0.252526887925
           75        -0.251925456454
           85        -0.462534924554
           95        -0.228469529110
            6      -3.947006647981E-02
           16        -0.185129926936
           26      -4.560393434101E-02
           36        -0.213317681688
           46        -0.352557726659
           56        -0.446993017823
           66        -0.315490940182
           76        -0.359068837729
           86        -0.226311606953
           96        -0.223954971508
            7      -9.633674559951E-02
           17        -0.139647764775
           27        -0.180318478908
           37        -0.295038558809
           47        -0.230111789174
           57      -8.505335460417E-02
           67        -0.197844548238
           77        -0.241465601232
           87        -0.281553490297
           97        -0.258106366517
            8        -0.138618263571
           18        -0.210758951202
           28        -0.258912678761
           38        -0.161209538428
           48        -0.204005212864
           58        -0.415009002098
           68        -0.232784333712
           78        -0.280484273634
           88        -0.259274993295
           98        -0.438794088931
            9      -9.041389289847E-02
           19      -4.157773145803E-02
           29        -0.214148020810
           39        -0.188892117186
           49        -0.184540471329
           59        -0.238376937407
           69        -0.269965875787
           79        -0.234133500470
           89        -0.316126306797
           99        -0.217158628976
           10        -0.166727229156
           20        -0.176497372756
           30        -0.147581219080
           40        -0.238773655334
           50        -0.250644879565
           60        -0.372868416108
           70        -0.553281830105
           80        -0.243502882492
           90        -0.739985871878
          100        -0.577596059107
