 Nodo numero           1        0.00000000000              0.00000000000                 2        0.00000000000
 Nodo numero           2        0.00000000000               0.357142857000               2        0.00000000000
 Nodo numero           3         0.357142857000            0.00000000000                 2        0.00000000000
 Nodo numero           4        0.00000000000               0.714285714000               2        0.00000000000
 Nodo numero           5         0.714285714000            0.00000000000                 2        0.00000000000
 Nodo numero           6        0.00000000000                1.07142857000               2        0.00000000000
 Nodo numero           7          1.07142857000            0.00000000000                 2        0.00000000000
 Nodo numero           8        0.00000000000                1.42857143000               2        0.00000000000
 Nodo numero           9          1.42857143000            0.00000000000                 2        0.00000000000
 Nodo numero          10        0.00000000000                1.78571429000               2        0.00000000000
 Nodo numero          11          1.78571429000            0.00000000000                 2        0.00000000000
 Nodo numero          12        0.00000000000                2.14285714000               2        0.00000000000
 Nodo numero          13          2.14285714000            0.00000000000                 2        0.00000000000
 Nodo numero          14        0.00000000000                2.50000000000               2        0.00000000000
 Nodo numero          15          2.50000000000            0.00000000000                 2        0.00000000000
 Nodo numero          16        0.00000000000                2.85714286000               2        0.00000000000
 Nodo numero          17          2.85714286000            0.00000000000                 2        0.00000000000
 Nodo numero          18        0.00000000000                3.21428571000               2        0.00000000000
 Nodo numero          19          3.21428571000            0.00000000000                 2        0.00000000000
 Nodo numero          20        0.00000000000                3.57142857000               2        0.00000000000
 Nodo numero          21          3.57142857000            0.00000000000                 2        0.00000000000
 Nodo numero          22        0.00000000000                3.92857143000               2        0.00000000000
 Nodo numero          23          3.92857143000            0.00000000000                 2        0.00000000000
 Nodo numero          24        0.00000000000                4.28571429000               1          12.0000000000
 Nodo numero          25          4.28571429000            0.00000000000                 1          8.00000000000
 Nodo numero          26        0.00000000000                4.64285714000               1          12.0000000000
 Nodo numero          27          4.64285714000            0.00000000000                 1          8.00000000000
 Nodo numero          28        0.00000000000                5.00000000000               1          12.0000000000
 Nodo numero          29          5.00000000000            0.00000000000                 1          8.00000000000
 Nodo numero          30        0.00000000000                5.35714286000               1          12.0000000000
 Nodo numero          31          5.35714286000            0.00000000000                 1          8.00000000000
 Nodo numero          32        0.00000000000                5.71428571000               1          12.0000000000
 Nodo numero          33          5.71428571000            0.00000000000                 1          8.00000000000
 Nodo numero          34        0.00000000000                6.07142857000               2        0.00000000000
 Nodo numero          35          6.07142857000            0.00000000000                 2        0.00000000000
 Nodo numero          36        0.00000000000                6.42857143000               2        0.00000000000
 Nodo numero          37          6.42857143000            0.00000000000                 2        0.00000000000
 Nodo numero          38        0.00000000000                6.78571429000               2        0.00000000000
 Nodo numero          39          6.78571429000            0.00000000000                 2        0.00000000000
 Nodo numero          40        0.00000000000                7.14285714000               2        0.00000000000
 Nodo numero          41          7.14285714000            0.00000000000                 2        0.00000000000
 Nodo numero          42        0.00000000000                7.50000000000               2        0.00000000000
 Nodo numero          43          7.50000000000            0.00000000000                 2        0.00000000000
 Nodo numero          44        0.00000000000                7.85714286000               2        0.00000000000
 Nodo numero          45          7.85714286000            0.00000000000                 2        0.00000000000
 Nodo numero          46        0.00000000000                8.21428571000               2        0.00000000000
 Nodo numero          47          8.21428571000            0.00000000000                 2        0.00000000000
 Nodo numero          48        0.00000000000                8.57142857000               2        0.00000000000
 Nodo numero          49          8.57142857000            0.00000000000                 2        0.00000000000
 Nodo numero          50        0.00000000000                8.92857143000               2        0.00000000000
 Nodo numero          51          8.92857143000            0.00000000000                 2        0.00000000000
 Nodo numero          52        0.00000000000                9.28571429000               2        0.00000000000
 Nodo numero          53          9.28571429000            0.00000000000                 2        0.00000000000
 Nodo numero          54        0.00000000000                9.64285714000               2        0.00000000000
 Nodo numero          55          9.64285714000            0.00000000000                 2        0.00000000000
 Nodo numero          56        0.00000000000                10.0000000000               2        0.00000000000
 Nodo numero          57          10.0000000000            0.00000000000                 2        0.00000000000
 Nodo numero          58          10.0000000000             0.357142857000               2        0.00000000000
 Nodo numero          59         0.357142857000              10.0000000000               2        0.00000000000
 Nodo numero          60          10.0000000000             0.714285714000               2        0.00000000000
 Nodo numero          61         0.714285714000              10.0000000000               2        0.00000000000
 Nodo numero          62          10.0000000000              1.07142857000               2        0.00000000000
 Nodo numero          63          1.07142857000              10.0000000000               2        0.00000000000
 Nodo numero          64          1.42857143000              10.0000000000               2        0.00000000000
 Nodo numero          65          10.0000000000              1.42857143000               2        0.00000000000
 Nodo numero          66          10.0000000000              1.78571429000               2        0.00000000000
 Nodo numero          67          1.78571429000              10.0000000000               2        0.00000000000
 Nodo numero          68          2.14285714000              10.0000000000               2        0.00000000000
 Nodo numero          69          10.0000000000              2.14285714000               2        0.00000000000
 Nodo numero          70          2.50000000000              10.0000000000               2        0.00000000000
 Nodo numero          71          10.0000000000              2.50000000000               2        0.00000000000
 Nodo numero          72          2.85714286000              10.0000000000               2        0.00000000000
 Nodo numero          73          10.0000000000              2.85714286000               2        0.00000000000
 Nodo numero          74          3.21428571000              10.0000000000               2        0.00000000000
 Nodo numero          75          10.0000000000              3.21428571000               2        0.00000000000
 Nodo numero          76          3.57142857000              10.0000000000               2        0.00000000000
 Nodo numero          77          10.0000000000              3.57142857000               2        0.00000000000
 Nodo numero          78          3.92857143000              10.0000000000               2        0.00000000000
 Nodo numero          79          10.0000000000              3.92857143000               2        0.00000000000
 Nodo numero          80          4.28571429000              10.0000000000               1          8.00000000000
 Nodo numero          81          10.0000000000              4.28571429000               1          12.0000000000
 Nodo numero          82          4.64285714000              10.0000000000               1          8.00000000000
 Nodo numero          83          10.0000000000              4.64285714000               1          12.0000000000
 Nodo numero          84          5.00000000000              10.0000000000               1          8.00000000000
 Nodo numero          85          10.0000000000              5.00000000000               1          12.0000000000
 Nodo numero          86          5.35714286000              10.0000000000               1          8.00000000000
 Nodo numero          87          10.0000000000              5.35714286000               1          12.0000000000
 Nodo numero          88          5.71428571000              10.0000000000               1          8.00000000000
 Nodo numero          89          10.0000000000              5.71428571000               1          12.0000000000
 Nodo numero          90          6.07142857000              10.0000000000               2        0.00000000000
 Nodo numero          91          10.0000000000              6.07142857000               2        0.00000000000
 Nodo numero          92          6.42857143000              10.0000000000               2        0.00000000000
 Nodo numero          93          10.0000000000              6.42857143000               2        0.00000000000
 Nodo numero          94          6.78571429000              10.0000000000               2        0.00000000000
 Nodo numero          95          10.0000000000              6.78571429000               2        0.00000000000
 Nodo numero          96          7.14285714000              10.0000000000               2        0.00000000000
 Nodo numero          97          10.0000000000              7.14285714000               2        0.00000000000
 Nodo numero          98          7.50000000000              10.0000000000               2        0.00000000000
 Nodo numero          99          10.0000000000              7.50000000000               2        0.00000000000
 Nodo numero         100          7.85714286000              10.0000000000               2        0.00000000000
 Nodo numero         101          10.0000000000              7.85714286000               2        0.00000000000
 Nodo numero         102          10.0000000000              8.21428571000               2        0.00000000000
 Nodo numero         103          8.21428571000              10.0000000000               2        0.00000000000
 Nodo numero         104          8.57142857000              10.0000000000               2        0.00000000000
 Nodo numero         105          10.0000000000              8.57142857000               2        0.00000000000
 Nodo numero         106          8.92857143000              10.0000000000               2        0.00000000000
 Nodo numero         107          10.0000000000              8.92857143000               2        0.00000000000
 Nodo numero         108          9.28571429000              10.0000000000               2        0.00000000000
 Nodo numero         109          10.0000000000              9.28571429000               2        0.00000000000
 Nodo numero         110          10.0000000000              9.64285714000               2        0.00000000000
 Nodo numero         111          9.64285714000              10.0000000000               2        0.00000000000
 Nodo numero         112          10.0000000000              10.0000000000               2        0.00000000000
