            1          10.0000000838            0.00000000000
            2          10.0082413557            0.00000000000
            3          9.99175841136            0.00000000000
            4          10.0327358904            0.00000000000
            5          9.96726388232            0.00000000000
            6          10.0734888102            0.00000000000
            7          9.92651105723            0.00000000000
            8          10.1306894793            0.00000000000
            9          9.86931041201            0.00000000000
           10          10.2048803852            0.00000000000
           11          9.79511973677            0.00000000000
           12          10.2972446304            0.00000000000
           13          9.70275543283            0.00000000000
           14          10.4100764465            0.00000000000
           15          9.58992351638            0.00000000000
           16          10.5475870187            0.00000000000
           17          9.45241304480            0.00000000000
           18          10.7173278790            0.00000000000
           19          9.28267247487            0.00000000000
           20          10.9276499534            0.00000000000
           21          9.07235007265            0.00000000000
           22          11.3042749678            0.00000000000
           23          8.69572519642            0.00000000000
           24          12.0000000000             -2.75194491579
           25          8.00000000000              2.75194473592
           26          12.0000000000             -1.28711347052
           27          8.00000000000              1.28711338958
           28          12.0000000000             -1.07097547834
           29          8.00000000000              1.07097508878
           30          12.0000000000             -1.28711351956
           31          8.00000000000              1.28711387792
           32          12.0000000000             -2.75194456921
           33          8.00000000000              2.75194427048
           34          11.3042751813            0.00000000000
           35          8.69572505119            0.00000000000
           36          10.9276499999            0.00000000000
           37          9.07235013728            0.00000000000
           38          10.7173280774            0.00000000000
           39          9.28267243508            0.00000000000
           40          10.5475875090            0.00000000000
           41          9.45241250408            0.00000000000
           42          10.4100769364            0.00000000000
           43          9.58992336830            0.00000000000
           44          10.2972441927            0.00000000000
           45          9.70275525555            0.00000000000
           46          10.2048799608            0.00000000000
           47          9.79512047153            0.00000000000
           48          10.1306899144            0.00000000000
           49          9.86931063257            0.00000000000
           50          10.0734892118            0.00000000000
           51          9.92651171977            0.00000000000
           52          10.0327366816            0.00000000000
           53          9.96726355484            0.00000000000
           54          10.0082409038            0.00000000000
           55          9.99175877898            0.00000000000
           56          10.0000002268            0.00000000000
           57          10.0000000499            0.00000000000
           58          10.0082412966            0.00000000000
           59          9.99175833758            0.00000000000
           60          10.0327362442            0.00000000000
           61          9.96726379682            0.00000000000
           62          10.0734892971            0.00000000000
           63          9.92651069124            0.00000000000
           64          9.86931098205            0.00000000000
           65          10.1306899232            0.00000000000
           66          10.2048804570            0.00000000000
           67          9.79512013983            0.00000000000
           68          9.70275508976            0.00000000000
           69          10.2972443738            0.00000000000
           70          9.58992326358            0.00000000000
           71          10.4100768592            0.00000000000
           72          9.45241237453            0.00000000000
           73          10.5475869596            0.00000000000
           74          9.28267259206            0.00000000000
           75          10.7173275372            0.00000000000
           76          9.07235032671            0.00000000000
           77          10.9276491176            0.00000000000
           78          8.69572514456            0.00000000000
           79          11.3042751843            0.00000000000
           80          8.00000000000              2.75194435712
           81          12.0000000000             -2.75194472316
           82          8.00000000000              1.28711362958
           83          12.0000000000             -1.28711324943
           84          8.00000000000              1.07097698089
           85          12.0000000000             -1.07097569931
           86          8.00000000000              1.28711191881
           87          12.0000000000             -1.28711285275
           88          8.00000000000              2.75194623782
           89          12.0000000000             -2.75194614062
           90          8.69572504453            0.00000000000
           91          11.3042752801            0.00000000000
           92          9.07235025080            0.00000000000
           93          10.9276494659            0.00000000000
           94          9.28267254470            0.00000000000
           95          10.7173273647            0.00000000000
           96          9.45241318642            0.00000000000
           97          10.5475870329            0.00000000000
           98          9.58992294878            0.00000000000
           99          10.4100773077            0.00000000000
          100          9.70275504522            0.00000000000
          101          10.2972443336            0.00000000000
          102          10.2048797355            0.00000000000
          103          9.79511989954            0.00000000000
          104          9.86931032440            0.00000000000
          105          10.1306895241            0.00000000000
          106          9.92651153632            0.00000000000
          107          10.0734891568            0.00000000000
          108          9.96726409319            0.00000000000
          109          10.0327357168            0.00000000000
          110          10.0082415390            0.00000000000
          111          9.99175860324            0.00000000000
          112          10.0000001694            0.00000000000
