ENTITIES
POINT
Num: 1 HigherEntity: 2 conditions: 0 material: 0
LAYER: Layer0
Coord: 8.3552599999999995 6.7763200000000001 0.0
END POINT
POINT
Num: 2 HigherEntity: 2 conditions: 0 material: 0
LAYER: Layer0
Coord: -9.7368400000000008 6.7763200000000001 0.0
END POINT
POINT
Num: 3 HigherEntity: 2 conditions: 0 material: 0
LAYER: Layer0
Coord: -9.7368400000000008 -1.94079 0.0
END POINT
POINT
Num: 4 HigherEntity: 2 conditions: 0 material: 0
LAYER: Layer0
Coord: 8.3552599999999995 -1.94079 0.0
END POINT
STLINE
Num: 1 HigherEntity: 0 conditions: 0 material: 0
LAYER: Layer0
Points: 2 1
END STLINE
STLINE
Num: 2 HigherEntity: 0 conditions: 0 material: 0
LAYER: Layer0
Points: 3 2
END STLINE
STLINE
Num: 3 HigherEntity: 0 conditions: 0 material: 0
LAYER: Layer0
Points: 4 3
END STLINE
STLINE
Num: 4 HigherEntity: 0 conditions: 0 material: 0
LAYER: Layer0
Points: 1 4
END STLINE
END ENTITIES
MESH dimension 3 ElemType Linear Nnode 3
Coordinates
    1         8.35526        -1.94079               0
    2         8.35526     -1.45650611               0
    3      7.85270167        -1.94079               0
    4         8.35526    -0.972222222               0
    5      7.35014333        -1.94079               0
    6         8.35526    -0.487938333               0
    7        6.847585        -1.94079               0
    8         8.35526  -0.00365444444               0
    9      6.34502667        -1.94079               0
   10         8.35526     0.480629444               0
   11      5.84246833        -1.94079               0
   12         8.35526     0.964913333               0
   13         5.33991        -1.94079               0
   14         8.35526      1.44919722               0
   15      4.83735167        -1.94079               0
   16         8.35526      1.93348111               0
   17      4.33479333        -1.94079               0
   18         8.35526        2.417765               0
   19        3.832235        -1.94079               0
   20         8.35526      2.90204889               0
   21      3.32967667        -1.94079               0
   22         8.35526      3.38633278               0
   23      2.82711833        -1.94079               0
   24         8.35526      3.87061667               0
   25         2.32456        -1.94079               0
   26         8.35526      4.35490056               0
   27      1.82200167        -1.94079               0
   28         8.35526      4.83918444               0
   29      1.31944333        -1.94079               0
   30         8.35526      5.32346833               0
   31        0.816885        -1.94079               0
   32         8.35526      5.80775222               0
   33     0.314326667        -1.94079               0
   34         8.35526      6.29203611               0
   35    -0.188231667        -1.94079               0
   36         8.35526         6.77632               0
   37      7.85270167         6.77632               0
   38      7.35014333         6.77632               0
   39        6.847585         6.77632               0
   40      6.34502667         6.77632               0
   41        -0.69079        -1.94079               0
   42      5.84246833         6.77632               0
   43         5.33991         6.77632               0
   44      4.83735167         6.77632               0
   45     -1.19334833        -1.94079               0
   46      4.33479333         6.77632               0
   47        3.832235         6.77632               0
   48     -1.69590667        -1.94079               0
   49      3.32967667         6.77632               0
   50      2.82711833         6.77632               0
   51       -2.198465        -1.94079               0
   52         2.32456         6.77632               0
   53      1.82200167         6.77632               0
   54     -2.70102333        -1.94079               0
   55      1.31944333         6.77632               0
   56        0.816885         6.77632               0
   57     -3.20358167        -1.94079               0
   58     0.314326667         6.77632               0
   59        -3.70614        -1.94079               0
   60    -0.188231667         6.77632               0
   61        -0.69079         6.77632               0
   62     -4.20869833        -1.94079               0
   63     -1.19334833         6.77632               0
   64     -4.71125667        -1.94079               0
   65     -1.69590667         6.77632               0
   66       -5.213815        -1.94079               0
   67       -2.198465         6.77632               0
   68     -5.71637333        -1.94079               0
   69     -2.70102333         6.77632               0
   70     -3.20358167         6.77632               0
   71     -6.21893167        -1.94079               0
   72        -3.70614         6.77632               0
   73        -6.72149        -1.94079               0
   74     -4.20869833         6.77632               0
   75     -7.22404833        -1.94079               0
   76     -4.71125667         6.77632               0
   77     -7.72660667        -1.94079               0
   78       -5.213815         6.77632               0
   79     -5.71637333         6.77632               0
   80       -8.229165        -1.94079               0
   81     -6.21893167         6.77632               0
   82     -8.73172333        -1.94079               0
   83        -6.72149         6.77632               0
   84     -9.23428167        -1.94079               0
   85     -7.22404833         6.77632               0
   86        -9.73684        -1.94079               0
   87        -9.73684     -1.45650611               0
   88        -9.73684    -0.972222222               0
   89        -9.73684    -0.487938333               0
   90        -9.73684  -0.00365444444               0
   91        -9.73684     0.480629444               0
   92     -7.72660667         6.77632               0
   93        -9.73684     0.964913333               0
   94        -9.73684      1.44919722               0
   95        -9.73684      1.93348111               0
   96        -9.73684        2.417765               0
   97        -9.73684      2.90204889               0
   98       -8.229165         6.77632               0
   99        -9.73684      3.38633278               0
  100        -9.73684      3.87061667               0
  101        -9.73684      4.35490056               0
  102     -8.73172333         6.77632               0
  103        -9.73684      4.83918444               0
  104        -9.73684      5.32346833               0
  105     -9.23428167         6.77632               0
  106        -9.73684      5.80775222               0
  107        -9.73684      6.29203611               0
  108        -9.73684         6.77632               0
End Coordinates

Elements
1      108      102      105
2      102      92       98
3      92       83       85
4      83       79       81
5      79       76       78
6      76       72       74
7      72       69       70
8      69       65       67
9      65       61       63
10     61       58       60
11     58       55       56
12     55       52       53
13     52       49       50
14     49       46       47
15     46       43       44
16     43       40       42
17     40       38       39
18     38       36       37
19     86       88       87
20     88       90       89
21     90       93       91
22     93       95       94
23     95       97       96
24     97       100      99
25     100      103      101
26     103      106      104
27     106      108      107
28     1        5        3
29     5        9        7
30     9        13       11
31     13       17       15
32     17       21       19
33     21       25       23
34     25       29       27
35     29       33       31
36     33       41       35
37     41       48       45
38     48       54       51
39     54       59       57
40     59       64       62
41     64       68       66
42     68       73       71
43     73       77       75
44     77       82       80
45     82       86       84
46     36       32       34
47     32       28       30
48     28       24       26
49     24       20       22
50     20       16       18
51     16       12       14
52     12       8        10
53     8        4        6
54     4        1        2
End Elements
PROBLEM DATA
END PROBLEM DATA
INTERVAL NUMBER: 1
INTERVAL DATA
END INTERVAL DATA
