ENTITIES
POINT
Num: 1 HigherEntity: 2 conditions: 0 material: 0
LAYER: Layer0
Coord: 0.0 0.0 0.0
END POINT
POINT
Num: 2 HigherEntity: 2 conditions: 0 material: 0
LAYER: Layer0
Coord: 10.0 0.0 0.0
END POINT
POINT
Num: 3 HigherEntity: 2 conditions: 0 material: 0
LAYER: Layer0
Coord: 10.0 10.0 0.0
END POINT
POINT
Num: 4 HigherEntity: 2 conditions: 0 material: 0
LAYER: Layer0
Coord: 0.0 10.0 0.0
END POINT
STLINE
Num: 1 HigherEntity: 0 conditions: 0 material: 0
LAYER: Layer0
Points: 1 2
END STLINE
STLINE
Num: 2 HigherEntity: 0 conditions: 0 material: 0
LAYER: Layer0
Points: 2 3
END STLINE
STLINE
Num: 3 HigherEntity: 0 conditions: 0 material: 0
LAYER: Layer0
Points: 3 4
END STLINE
STLINE
Num: 4 HigherEntity: 0 conditions: 0 material: 0
LAYER: Layer0
Points: 4 1
END STLINE
END ENTITIES
MESH dimension 3 ElemType Linear Nnode 3
Coordinates
    1               0               0               0
    2               0     0.357142857               0
    3     0.357142857               0               0
    4               0     0.714285714               0
    5     0.714285714               0               0
    6               0      1.07142857               0
    7      1.07142857               0               0
    8               0      1.42857143               0
    9      1.42857143               0               0
   10               0      1.78571429               0
   11      1.78571429               0               0
   12               0      2.14285714               0
   13      2.14285714               0               0
   14               0             2.5               0
   15             2.5               0               0
   16               0      2.85714286               0
   17      2.85714286               0               0
   18               0      3.21428571               0
   19      3.21428571               0               0
   20               0      3.57142857               0
   21      3.57142857               0               0
   22               0      3.92857143               0
   23      3.92857143               0               0
   24               0      4.28571429               0
   25      4.28571429               0               0
   26               0      4.64285714               0
   27      4.64285714               0               0
   28               0               5               0
   29               5               0               0
   30               0      5.35714286               0
   31      5.35714286               0               0
   32               0      5.71428571               0
   33      5.71428571               0               0
   34               0      6.07142857               0
   35      6.07142857               0               0
   36               0      6.42857143               0
   37      6.42857143               0               0
   38               0      6.78571429               0
   39      6.78571429               0               0
   40               0      7.14285714               0
   41      7.14285714               0               0
   42               0             7.5               0
   43             7.5               0               0
   44               0      7.85714286               0
   45      7.85714286               0               0
   46               0      8.21428571               0
   47      8.21428571               0               0
   48               0      8.57142857               0
   49      8.57142857               0               0
   50               0      8.92857143               0
   51      8.92857143               0               0
   52               0      9.28571429               0
   53      9.28571429               0               0
   54               0      9.64285714               0
   55      9.64285714               0               0
   56               0              10               0
   57              10               0               0
   58              10     0.357142857               0
   59     0.357142857              10               0
   60              10     0.714285714               0
   61     0.714285714              10               0
   62              10      1.07142857               0
   63      1.07142857              10               0
   64      1.42857143              10               0
   65              10      1.42857143               0
   66              10      1.78571429               0
   67      1.78571429              10               0
   68      2.14285714              10               0
   69              10      2.14285714               0
   70             2.5              10               0
   71              10             2.5               0
   72      2.85714286              10               0
   73              10      2.85714286               0
   74      3.21428571              10               0
   75              10      3.21428571               0
   76      3.57142857              10               0
   77              10      3.57142857               0
   78      3.92857143              10               0
   79              10      3.92857143               0
   80      4.28571429              10               0
   81              10      4.28571429               0
   82      4.64285714              10               0
   83              10      4.64285714               0
   84               5              10               0
   85              10               5               0
   86      5.35714286              10               0
   87              10      5.35714286               0
   88      5.71428571              10               0
   89              10      5.71428571               0
   90      6.07142857              10               0
   91              10      6.07142857               0
   92      6.42857143              10               0
   93              10      6.42857143               0
   94      6.78571429              10               0
   95              10      6.78571429               0
   96      7.14285714              10               0
   97              10      7.14285714               0
   98             7.5              10               0
   99              10             7.5               0
  100      7.85714286              10               0
  101              10      7.85714286               0
  102              10      8.21428571               0
  103      8.21428571              10               0
  104      8.57142857              10               0
  105              10      8.57142857               0
  106      8.92857143              10               0
  107              10      8.92857143               0
  108      9.28571429              10               0
  109              10      9.28571429               0
  110              10      9.64285714               0
  111      9.64285714              10               0
  112              10              10               0
End Coordinates

Elements
1 1 5 3
2 5 9 7
3 9 13 11
4 13 17 15
5 17 21 19
6 21 25 23
7 25 29 27
8 29 33 31
9 33 37 35
10 37 41 39
11 41 45 43
12 45 49 47
13 49 53 51
14 53 57 55
15 57 60 58
16 60 65 62
17 65 69 66
18 69 73 71
19 73 77 75
20 77 81 79
21 81 85 83
22 85 89 87
23 89 93 91
24 93 97 95
25 97 101 99
26 101 105 102
27 105 109 107
28 109 112 110
29 112 108 111
30 108 104 106
31 104 100 103
32 100 96 98
33 96 92 94
34 92 88 90
35 88 84 86
36 84 80 82
37 80 76 78
38 76 72 74
39 72 68 70
40 68 64 67
41 64 61 63
42 61 56 59
43 56 52 54
44 52 48 50
45 48 44 46
46 44 40 42
47 40 36 38
48 36 32 34
49 32 28 30
50 28 24 26
51 24 20 22
52 20 16 18
53 16 12 14
54 12 8 10
55 8 4 6
56 4 1 2
End Elements
PROBLEM DATA
END PROBLEM DATA
INTERVAL NUMBER: 1
INTERVAL DATA
END INTERVAL DATA
