ENTITIES
POINT
Num: 1 HigherEntity: 2 conditions: 0 material: 0
LAYER: Layer0
Coord: 0.29999999999999999 0.29999999999999999 0.0
END POINT
POINT
Num: 2 HigherEntity: 2 conditions: 0 material: 0
LAYER: Layer0
Coord: 9.6999999999999993 0.29999999999999999 0.0
END POINT
POINT
Num: 3 HigherEntity: 2 conditions: 0 material: 0
LAYER: Layer0
Coord: 9.6999999999999993 9.6999999999999993 0.0
END POINT
POINT
Num: 4 HigherEntity: 2 conditions: 0 material: 0
LAYER: Layer0
Coord: 0.29999999999999999 9.6999999999999993 0.0
END POINT
STLINE
Num: 1 HigherEntity: 1 conditions: 0 material: 0
LAYER: Layer0
Points: 1 2
END STLINE
STLINE
Num: 2 HigherEntity: 1 conditions: 0 material: 0
LAYER: Layer0
Points: 2 3
END STLINE
STLINE
Num: 3 HigherEntity: 1 conditions: 0 material: 0
LAYER: Layer0
Points: 3 4
END STLINE
STLINE
Num: 4 HigherEntity: 1 conditions: 0 material: 0
LAYER: Layer0
Points: 4 1
END STLINE
NURBSURFACE
Num: 1 HigherEntity: 0 conditions: 0 material: 0
LAYER: Layer0
NumLines: 4
Line: 1 Orientation: SAME1ST
Line: 2 Orientation: SAME1ST
Line: 3 Orientation: SAME1ST
Line: 4 Orientation: SAME1ST
Number of Control Points= 2 2 Degree= 1 1
Point 1,1 coords:0.29999999999999999,0.29999999999999999,0.0
Point 1,2 coords:9.6999999999999993,0.29999999999999999,0.0
Point 2,1 coords:0.29999999999999999,9.6999999999999993,0.0
Point 2,2 coords:9.6999999999999993,9.6999999999999993,0.0
Number of knots in U= 4
knot 1 value=0.0
knot 2 value=0.0
knot 3 value=1.0
knot 4 value=1.0
Number of knots in V= 4
knot 1 value=0.0
knot 2 value=0.0
knot 3 value=1.0
knot 4 value=1.0
Non rational
IsTrimmed: 0
Center: 5.0 5.0 0.0
Normal: 0.0 0.0 1.0
END NURBSURFACE
END ENTITIES
MESH dimension 3 ElemType Triangle Nnode 6
Coordinates
    1             9.7             9.7               0
    2      9.36428571             9.7               0
    3             9.7      9.36428571               0
    4      9.36428571      9.36428571               0
    5      9.02857143             9.7               0
    6             9.7      9.02857143               0
    7      9.24264333      9.12445039               0
    8      8.90692905      9.46016468               0
    9      9.29558037      8.84496264               0
   10      8.69285714             9.7               0
   11             9.7      8.69285714               0
   12      8.78528667      9.22032936               0
   13       8.8382237       8.9408416               0
   14      8.57121476      9.46016468               0
   15      9.29558037      8.50924835               0
   16       8.5128141      9.13444245               0
   17      8.89116074      8.66135385               0
   18      8.35714286             9.7               0
   19             9.7      8.35714286               0
   20      8.56575113       8.8549547               0
   21      8.29874219      9.37427777               0
   22      9.30625774      8.18779113               0
   23      8.90183811      8.33989663               0
   24      8.24034153      9.04855555               0
   25      8.02142857             9.7               0
   26             9.7      8.02142857               0
   27      8.51795782      8.50352924               0
   28      7.96302791      9.37427777               0
   29      8.19254821      8.69713009               0
   30      8.91251549      8.01843941               0
   31      9.30625774      7.85207685               0
   32      8.52863519      8.18207202               0
   33      7.90916562       8.8562505               0
   34      7.68571429             9.7               0
   35             9.7      7.68571429               0
   36       8.1447549      8.34570463               0
   37        7.631852      9.18197273               0
   38      8.91600852      7.68979273               0
   39      8.53252417      7.85709529               0
   40       7.8613723      8.50482505               0
   41      9.30975078      7.52343017               0
   42      8.14864388       8.0207279               0
   43            7.35             9.7               0
   44             9.7            7.35               0
   45      7.57798971      8.66394546               0
   46      7.35053103      9.41222099               0
   47      7.86526128      8.17984831               0
   48       8.5360172      7.52844862               0
   49      8.91950155      7.36114606               0
   50      7.58187869      8.33896872               0
   51      8.15253286      7.69575117               0
   52      7.29666874      8.89419372               0
   53      9.30975078      7.18771589               0
   54      7.86915026      7.85487158               0
   55      7.29849609      8.49808913               0
   56      7.01428571             9.7               0
   57             9.7      7.01428571               0
   58      7.01481674      9.41222099               0
   59      7.58576767      8.01399199               0
   60      7.01534777      9.12444199               0
   61       8.5399062      7.20347042               0
   62       8.9217736       7.0312685               0
   63      8.15642185      7.37077298               0
   64      7.87303924      7.52989485               0
   65      7.30238507       8.1731124               0
   66      7.01717512       8.7283374               0
   67      9.31202283      6.85783832               0
   68      7.58965665      7.68901526               0
   69      7.01900248      8.33223281               0
   70      6.67857143             9.7               0
   71             9.7      6.67857143               0
   72      7.30627405      7.84813567               0
   73      6.67910246      9.41222099               0
   74      8.54217825      6.87359286               0
   75      8.16031085      7.04579478               0
   76      6.73379253      8.88745782               0
   77      7.87692824      7.20491666               0
   78      8.92404566      6.70139093               0
   79      7.59354563      7.36403853               0
   80      7.02289146      8.00725608               0
   81      6.73561988      8.49135323               0
   82      9.31202283      6.52212404               0
   83      7.31016303      7.52315894               0
   84      6.73950886      8.16637649               0
   85      6.39754722      9.17523682               0
   86      7.02678044      7.68227935               0
   87      8.16419967      6.72081627               0
   88      7.88081725        6.879937               0
   89      8.54606707      6.54861435               0
   90      6.34285714             9.7               0
   91             9.7      6.34285714               0
   92      7.59743464      7.03905887               0
   93      6.45223729      8.65047365               0
   94      8.92611021      6.37130313               0
   95      7.31405201      7.19818221               0
   96      6.74339784      7.84139976               0
   97      6.45612627      8.32549691               0
   98      9.31408738      6.19203623               0
   99      7.03066942      7.35730262               0
  100      6.08850837       9.3744325               0
  101      7.88470607      6.55495849               0
  102      8.16808849      6.39583776               0
  103      7.60132366      6.71407921               0
  104      6.14319845      8.84966932               0
  105      6.46001524      8.00052017               0
  106      8.54813162      6.21852654               0
  107      6.74728682      7.51642303               0
  108      6.00714286             9.7               0
  109             9.7      6.00714286               0
  110      7.31794103      6.87320255               0
  111      6.17274365      8.48461735               0
  112      8.92817476      6.04121532               0
  113       7.0345584      7.03232589               0
  114      6.46390423      7.67554344               0
  115      6.17663263      8.15964061               0
  116      9.31408738      5.85632194               0
  117       6.7511758       7.1914463               0
  118      7.88859469      6.22998175               0
  119      7.60521227      6.38910248               0
  120      5.83415961        9.048865               0
  121      8.17197711      6.07086102               0
  122      7.32182985       6.5482232               0
  123      5.75279409       9.3744325               0
  124      5.86370481      8.68381302               0
  125      8.55202024       5.8935498               0
  126      6.18052165      7.83466375               0
  127      6.46779321      7.35056671               0
  128      7.03844723      6.70734654               0
  129      5.67142857             9.7               0
  130             9.7      5.67142857               0
  131      5.89325002      8.31876105               0
  132      8.93020413      5.71109189               0
  133      6.75506489      6.86646957               0
  134      6.18441063      7.50968702               0
  135      5.57643115      9.16790969               0
  136      5.89713904      7.99378419               0
  137      9.31611675      5.52619851               0
  138      6.47168229      7.02558998               0
  139      7.60910089      6.06412574               0
  140      7.89248331      5.90500501               0
  141      5.58032076      8.84293296               0
  142      5.49506564      9.49347719               0
  143      7.32571847      6.22324647               0
  144      8.17586572      5.74588429               0
  145      7.04233605       6.3823672               0
  146      5.60986597      8.47788099               0
  147      8.55404961      5.56342637               0
  148      5.90102805      7.66880734               0
  149      6.75895372      6.54149022               0
  150      6.18829966      7.18471031               0
  151      5.33571429             9.7               0
  152             9.7      5.33571429               0
  153       5.6137561      8.15290499               0
  154       8.9322335      5.38096846               0
  155       5.3187027      9.28695438               0
  156      6.47557138      6.70061325               0
  157      5.32259231      8.96197765               0
  158      5.90491708      7.34383063               0
  159      7.61298951      5.73914901               0
  160      7.32960709      5.89826973               0
  161      5.61764512      7.82792814               0
  162      7.89637192      5.58002828               0
  163      5.32648192      8.63700093               0
  164      7.04622467      6.05739046               0
  165      6.19218874      6.85973358               0
  166      9.31611675      5.19048423               0
  167      8.17975434      5.42090755               0
  168      5.15935135      9.49347719               0
  169      6.76284225      6.21651119               0
  170      5.33037205      8.31202494               0
  171      8.55793823      5.23844964               0
  172      6.47945992      6.37563422               0
  173      5.62153479      7.50294947               0
  174      5.90880611      7.01885391               0
  175      5.07118308      9.16454132               0
  176      5.33426218      7.98704894               0
  177               5             9.7               0
  178             9.7               5               0
  179      5.07507269      8.83956459               0
  180      8.93425722      5.05083886               0
  181       6.1960775      6.53475496               0
  182      7.33349571        5.573293               0
  183      7.61687812      5.41417227               0
  184      7.05011329      5.73241372               0
  185      5.62542382      7.17797275               0
  186      7.90026054      5.25505154               0
  187      4.91183173      9.37106413               0
  188      6.76673087      5.89153445               0
  189      5.04698863      8.47114405               0
  190      5.33815186      7.66207027               0
  191      5.91269486      6.69387528               0
  192      8.18364296      5.09593082               0
  193      9.31814047      4.86035463               0
  194      6.48334845      6.05065518               0
  195      5.05087876      8.14616806               0
  196      4.82366346      9.04212825               0
  197      8.55996195      4.90832004               0
  198      6.19996604      6.20977592               0
  199      5.34204153       7.3370916               0
  200      5.62931245      6.85299602               0
  201       4.7955794      8.67370771               0
  202      5.05476944      7.82119099               0
  203      4.66428571             9.7               0
  204             9.7      4.66428571               0
  205      8.93628093      4.72070926               0
  206      7.33738432      5.24831626               0
  207      5.91658362      6.36889666               0
  208       7.0540019      5.40743699               0
  209      7.62076674      5.08919553               0
  210      6.77061949      5.56655771               0
  211      7.90414916      4.93007481               0
  212      6.48723707      5.72567844               0
  213      5.34593016      7.01211486               0
  214      4.76749533      8.30528717               0
  215      4.57611745      9.37106413               0
  216      5.05865911      7.49621231               0
  217      8.18753335      4.77095396               0
  218      5.63320121      6.52801739               0
  219      6.20385465      5.88479917               0
  220      9.31814047      4.52464035               0
  221      4.77138601       7.9803101               0
  222      8.56385233      4.58334318               0
  223      5.92047224      6.04391991               0
  224      4.51219643      8.83282765               0
  225      5.06254774      7.17123558               0
  226      5.34981879      6.68713813               0
  227      7.05789052      5.08246025               0
  228      7.34127294      4.92333953               0
  229      4.77527669      7.65533303               0
  230       6.7745081      5.24158098               0
  231      7.62465536       4.7642188               0
  232      4.48411237      8.46440711               0
  233      5.63708982      6.20304064               0
  234      8.93830382      4.39057865               0
  235      6.49112569      5.40070171               0
  236      4.32857143             9.7               0
  237             9.7      4.32857143               0
  238      7.90803954      4.60509795               0
  239      6.20774327      5.55982243               0
  240      4.48800163      8.13943029               0
  241      5.06643637      6.84625884               0
  242      4.77916531      7.33035629               0
  243      4.26465042      9.16176352               0
  244      8.19142373       4.4459771               0
  245      5.35370741      6.36216138               0
  246      5.92436085      5.71894315               0
  247      9.32016335      4.19450974               0
  248      4.49189231      7.81445322               0
  249      8.56587522      4.25321257               0
  250      5.64097844      5.87806389               0
  251      7.06177914      4.75748352               0
  252       4.2007294      8.62352704               0
  253      6.77839672      4.91660424               0
  254      4.78305394      7.00537956               0
  255      5.07032499      6.52128211               0
  256      7.34516156      4.59836279               0
  257       6.4950143      5.07572497               0
  258      7.62854644      4.43924077               0
  259      4.49578289      7.48947701               0
  260      6.21163187      5.23484569               0
  261      4.20461867      8.29855023               0
  262      5.35759602      6.03718463               0
  263      8.94032671      4.06044804               0
  264      3.99285714             9.7               0
  265             9.7      3.99285714               0
  266      7.91193062      4.28011992               0
  267      3.98835882      9.40211621               0
  268      5.92824945      5.39396642               0
  269      4.20850793      7.97357341               0
  270      4.78694257      6.68040282               0
  271       8.1953137      4.12100037               0
  272      4.49967152      7.16450027               0
  273      5.64486704      5.55308715               0
  274      5.07421361      6.19630536               0
  275      3.92443781      8.86387973               0
  276      9.32016335      3.85879545               0
  277      4.21239851       7.6485972               0
  278      8.56976519      3.92823584               0
  279      6.78228534      4.59162751               0
  280      7.06566776      4.43250678               0
  281      5.36148463      5.71220789               0
  282      6.49890292      4.75074823               0
  283      3.92123591      8.45767033               0
  284      7.34905264      4.27338477               0
  285      6.21552049      4.90986896               0
  286      4.50356015      6.83952354               0
  287       4.7908312      6.35542609               0
  288      7.63243751      4.11426275               0
  289      5.93213806      5.06898968               0
  290       4.2162891      7.32362099               0
  291      3.92512517      8.13269351               0
  292      5.07810222      5.87132863               0
  293      7.91582059       3.9551432               0
  294      8.94427289      3.72918049               0
  295      5.64875565      5.22811042               0
  296      3.65714286             9.7               0
  297             9.7      3.65714286               0
  298      3.65264453      9.40211621               0
  299      3.92901448      7.80771682               0
  300      3.64814621      9.10423241               0
  301      8.19920367      3.79602364               0
  302      4.50744878       6.5145468               0
  303      4.22017773      6.99864425               0
  304      5.36537324      5.38723115               0
  305      4.79471981      6.03044936               0
  306      3.64494431      8.69802302               0
  307      6.78617396      4.26665077               0
  308      6.50279154       4.4257715               0
  309      3.93290507      7.48274061               0
  310      7.06955767      4.10752937               0
  311      9.32410953       3.5275279               0
  312      6.21940912      4.58489222               0
  313      8.57371137      3.59696829               0
  314      5.08199083      5.54635189               0
  315      7.35294254      3.94840735               0
  316      3.64174242      8.29181362               0
  317      5.93602669      4.74401295               0
  318      4.22406636      6.67366752               0
  319      7.63632471      3.78928582               0
  320      4.51133741      6.18957007               0
  321      5.65264425      4.90313368               0
  322      3.64563173      7.96683692               0
  323      3.93679445      7.15776388               0
  324      4.79860842      5.70547263               0
  325      7.91970779      3.63016627               0
  326      5.36926184      5.06225442               0
  327      8.94821907      3.39791294               0
  328      3.32142857             9.7               0
  329             9.7      3.32142857               0
  330      3.31693025      9.40211621               0
  331      3.64952104      7.64186023               0
  332      3.36156155      8.85714312               0
  333      8.20309133      3.47104628               0
  334      4.22795499      6.34869079               0
  335      5.08587936      5.22137516               0
  336      3.94068307      6.83278714               0
  337      6.50668016      4.10079476               0
  338      4.51522602      5.86459334               0
  339      6.79006387      3.94167336               0
  340      6.22329774      4.25991549               0
  341      3.35835965      8.45093372               0
  342      7.07344757      3.78255195               0
  343      5.93991532      4.41903622               0
  344      3.65341041       7.3168835               0
  345      7.35682974      3.62343042               0
  346      9.32410953      3.19181361               0
  347      8.57759903      3.27199092               0
  348      5.65653289      4.57815695               0
  349      4.80249695       5.3804959               0
  350      3.36224898      8.12595699               0
  351      7.64021191       3.4643089               0
  352      3.94457233       6.5078102               0
  353      5.37315045      4.73727768               0
  354      4.23184363      6.02371405               0
  355      3.36613829       7.8009803               0
  356      3.65729979      6.99190677               0
  357      7.92359545       3.3051889               0
  358      4.51911459      5.53961671               0
  359      5.08976797      4.89639843               0
  360      8.95094472      3.06725346               0
  361      3.03034558      9.15502691               0
  362      3.37002762      7.47600358               0
  363      3.07497688      8.61005383               0
  364      2.98571429             9.7               0
  365             9.7      2.98571429               0
  366      8.20697899      3.14606891               0
  367      6.51022811       3.7753812               0
  368      6.22689781       3.9345947               0
  369      3.94846097      6.18283347               0
  370      6.79361182       3.6162598               0
  371      4.80638549      5.05551917               0
  372      5.94351539      4.09371543               0
  373      3.66118905      6.66692983               0
  374      3.07886621       8.2850771               0
  375      7.07733545      3.45757516               0
  376       4.2357322      5.69873742               0
  377      5.66018508      4.25292892               0
  378      7.36071761      3.29845364               0
  379      3.37391699      7.15102685               0
  380      5.37680265      4.41204966               0
  381      3.08275554      7.96010037               0
  382      9.32683519      2.86115413               0
  383      4.52300313      5.21463998               0
  384      8.58032468      2.94133144               0
  385      7.64410134      3.13933341               0
  386      5.09347234      4.57126316               0
  387      3.66507831      6.34195288               0
  388      3.95235008      5.85785846               0
  389      3.08664487      7.63512365               0
  390      3.37780632      6.82605011               0
  391      7.92748488      2.98021342               0
  392      4.23962077       5.3737608               0
  393      4.81008986       4.7303839               0
  394      2.72371513      9.36114709               0
  395      2.76834643        8.816174               0
  396      8.95367038      2.73659398               0
  397      6.23044576      3.60918114               0
  398      6.51377607      3.44996764               0
  399      2.79548345       8.4441972               0
  400      5.94711546      3.76839463               0
  401       3.0905342      7.31014692               0
  402      6.79749969      3.29128301               0
  403      8.21086699      2.82109215               0
  404      5.66378515      3.92760813               0
  405            2.65             9.7               0
  406             9.7            2.65               0
  407      4.52675956       4.8895974               0
  408      3.66896742      6.01697788               0
  409      7.08122332      3.13259838               0
  410      2.79937278      8.11922048               0
  411      3.38169558      6.50107316               0
  412      5.38045485      4.08682163               0
  413      3.95623865      5.53288183               0
  414      7.36460704      2.97347815               0
  415      5.09712454      4.24603513               0
  416      3.09442352      6.98517018               0
  417      2.80326211      7.79424375               0
  418       4.2433772      5.04871821               0
  419      8.58421269      2.61635469               0
  420      9.32683519      2.52543985               0
  421      7.64799076      2.81435793               0
  422      4.81379424      4.40524863               0
  423       3.3855893      6.17609218               0
  424      3.67285653      5.69200287               0
  425      2.80715144      7.46926702               0
  426      7.93137288      2.65523667               0
  427      3.09831285      6.66019344               0
  428      2.46171598      9.02229418               0
  429      4.53046393      4.56446213               0
  430      2.48885299      8.65031738               0
  431      3.96004689      5.20793171               0
  432      6.23422798      3.28420315               0
  433      5.95089768      3.44341664               0
  434      6.51755829      3.12498965               0
  435      5.66756737      3.60263014               0
  436      2.38800085      9.36114709               0
  437      2.51599001      8.27834058               0
  438      8.95286979      2.40803031               0
  439      6.80128191      2.96630502               0
  440      5.38423707      3.76184364               0
  441      2.81104076       7.1442903               0
  442        8.214755       2.4961154               0
  443       7.0851134      2.80762144               0
  444      4.24713362      4.72367562               0
  445      5.10090676      3.92105714               0
  446      2.31428571             9.7               0
  447             9.7      2.31428571               0
  448      2.51987934      7.95336385               0
  449      3.38947841      5.85111717               0
  450      3.10220657      6.33521246               0
  451      3.67666477      5.36705274               0
  452      7.36849713      2.64850121               0
  453      4.81757645      4.08027064               0
  454      2.81493008      6.81931356               0
  455      2.52376868      7.62838713               0
  456      3.96380332      4.88288912               0
  457       8.5834121      2.28779102               0
  458      7.65187998      2.48938115               0
  459       9.3260346      2.19687617               0
  460      4.53424615      4.23948413               0
  461      2.19824068      9.13497136               0
  462      2.20313978      8.81000815               0
  463      3.10610029      6.01023148               0
  464        2.527658       7.3034104               0
  465      3.39339431      5.52614765               0
  466       5.9546799      3.11843865               0
  467       2.2302768      8.43803135               0
  468       6.2380102      2.95922515               0
  469       7.9352621      2.33025988               0
  470      2.12452555      9.47382427               0
  471      5.67134959      3.27765215               0
  472       2.8188194      6.49433683               0
  473      6.52134051      2.80001166               0
  474      4.25091584      4.39869763               0
  475      5.38801928      3.43686565               0
  476      3.68047301      5.04210262               0
  477        6.805172      2.64132808               0
  478      2.23517523      8.11306828               0
  479      5.10468898      3.59607915               0
  480       8.9520692      2.07946663               0
  481      2.53154732      6.97843367               0
  482      8.21864297      2.17113866               0
  483      7.08900349      2.48264449               0
  484      4.82135867      3.75529264               0
  485      3.96758554      4.55791113               0
  486      2.23906457      7.78809156               0
  487      3.11001618      5.68526196               0
  488      1.97857143             9.7               0
  489             9.7      1.97857143               0
  490      2.82271312      6.16935585               0
  491      7.37238634      2.32352443               0
  492      3.39720255      5.20119753               0
  493      4.53802837      3.91450614               0
  494      1.93476538      9.24764855               0
  495      2.24427524      7.46253051               0
  496      2.53543664      6.65345694               0
  497      1.93966448      8.92268533               0
  498      7.65576919      2.16440436               0
  499      3.68425523      4.71712463               0
  500      8.58730008      1.96281427               0
  501      4.25469806      4.07371964               0
  502      1.94456358      8.59772211               0
  503       9.3260346      1.86116189               0
  504      5.95846211      2.79346066               0
  505      5.67513181      2.95267416               0
  506      6.24179242      2.63424716               0
  507       5.3918015      3.11188766               0
  508      2.24816456      7.13755379               0
  509      2.82674339      5.84455941               0
  510      1.94946202      8.27275905               0
  511      3.11393208      5.36029244               0
  512      6.52512273      2.47503367               0
  513      7.93915007      2.00528314               0
  514       5.1084712      3.27110116               0
  515      1.78881126      9.47382427               0
  516      2.53932596      6.32848022               0
  517      3.97136776      4.23293314               0
  518      6.80895422      2.31635008               0
  519      3.40092493      4.87633813               0
  520      1.95436046      7.94779598               0
  521      4.82514089      3.43031465               0
  522      8.94219672      1.75738318               0
  523      7.09289292      2.15766775               0
  524      2.25205388      6.81257706               0
  525      8.22253095      1.84616191               0
  526      4.54181059      3.58952815               0
  527      1.95957113      7.62223494               0
  528      3.68803745      4.39214664               0
  529      2.83065929       5.5195899               0
  530      7.37627577      1.99854769               0
  531      2.54335623      6.00368379               0
  532      1.64285714             9.7               0
  533             9.7      1.64285714               0
  534      4.25848028      3.74874165               0
  535      3.11765446      5.03543304               0
  536      1.64653565      9.14675822               0
  537      1.65143475        8.821795               0
  538      1.96478179       7.2966739               0
  539       2.2559432      6.48760033               0
  540      7.65965594      1.83942768               0
  541      3.40470715      4.55136013               0
  542      1.66558656      8.43099835               0
  543      5.67891403      2.62769617               0
  544       8.5774276      1.64073082               0
  545      5.96224433      2.46848267               0
  546      5.39558372      2.78690967               0
  547      3.97514998      3.90795515               0
  548      6.24557464      2.30926917               0
  549      5.11225342      2.94612316               0
  550      9.31616212      1.53907844               0
  551        1.670485      8.10603529               0
  552      6.52890494      2.15005567               0
  553      4.82892311      3.10533666               0
  554      1.96867112      6.97169717               0
  555       2.5473865      5.67888735               0
  556      1.50058154      9.37293394               0
  557      7.94303682      1.68030646               0
  558      2.83432416      5.19464653               0
  559      6.81284365      1.99137334               0
  560      3.69181967      4.06716865               0
  561       2.2599045      6.16258977               0
  562      4.54559281      3.26455016               0
  563      1.67538334      7.78107249               0
  564      3.12137684      4.71057363               0
  565      7.09678235      1.83269101               0
  566      8.93232424      1.43529973               0
  567       4.2622625      3.42376366               0
  568      1.97256044      6.64672044               0
  569      8.22641892      1.52118517               0
  570      1.68059401      7.45551145               0
  571      3.40848936      4.22638214               0
  572      7.38016252      1.67357101               0
  573      2.55105137      5.35394399               0
  574      1.35830593      9.04586788               0
  575      3.97893219      3.58297716               0
  576      2.26393477      5.83779334               0
  577      2.83804654      4.86978713               0
  578      1.37245774      8.65507124               0
  579      1.30714286             9.7               0
  580             9.7      1.30714286               0
  581       1.6854788      7.13055278               0
  582      5.68269625      2.30271818               0
  583      5.39936594      2.46193167               0
  584      5.96602655      2.14350468               0
  585      1.97652174      6.32170988               0
  586      5.11603564      2.62114517               0
  587      7.66354269        1.514451               0
  588      1.38660954       8.2642746               0
  589      6.24935686      1.98429118               0
  590      3.12515906      4.38559564               0
  591      8.58131557      1.31575408               0
  592      3.69560189      3.74219065               0
  593      4.83270533      2.78035867               0
  594      6.53334909      1.82551889               0
  595      1.39150789       7.9393118               0
  596      4.54937502      2.93957217               0
  597      9.31616212      1.20336415               0
  598      1.68936812      6.80557605               0
  599       7.9469248      1.35532971               0
  600      2.26787327      5.51313459               0
  601       6.8172878      1.66683656               0
  602      2.55471624      5.02900063               0
  603      1.16486725      9.37293394               0
  604      4.26604472      3.09878567               0
  605      3.41227158      3.90140415               0
  606      1.39640623        7.614349               0
  607      1.98048305      5.99669932               0
  608      2.84182875      4.54480914               0
  609      8.87669375       1.1472055               0
  610      7.10066949      1.50771484               0
  611      3.98271441      3.25799916               0
  612      1.69441634      6.48091083               0
  613       8.2303069      1.19620843               0
  614      1.08368265      9.13827296               0
  615      1.40129101      7.28939033               0
  616      1.08858191      8.81330989               0
  617      3.12894128      4.06061765               0
  618      7.38404966      1.34859483               0
  619      3.69938411      3.41721266               0
  620      2.27153815      5.18819123               0
  621      1.10273372      8.42251325               0
  622      5.40314816      2.13695368               0
  623      5.68647847      1.97774019               0
  624      1.98442155      5.67204057               0
  625      5.11981785      2.29616718               0
  626      2.55849846      4.70402264               0
  627      5.96980877      1.81852669               0
  628      4.83648755      2.45538068               0
  629     0.971428571             9.7               0
  630             9.7     0.971428571               0
  631       1.4061758      6.96443166               0
  632      1.10763319      8.09755025               0
  633      6.25380101       1.6597544               0
  634      7.66743209      1.18947442               0
  635      1.69837764      6.15590026               0
  636      8.52568508      1.02765985               0
  637      4.55315724      2.61459418               0
  638       3.4160538      3.57642616               0
  639      2.84561097      4.21983115               0
  640      6.53779324      1.50098211               0
  641      9.26053163     0.915269919               0
  642      4.26982694      2.77380768               0
  643      1.11253153      7.77258745               0
  644     0.890243975      9.46533901               0
  645      1.41122402      6.63976643               0
  646      6.82117493      1.34186039               0
  647      7.95081419      1.03035313               0
  648      1.98836005      5.34738183               0
  649      3.98649663      2.93302117               0
  650      2.27516815      4.86323614               0
  651       3.1327235      3.73563966               0
  652      1.11743436      7.44762559               0
  653      8.82106327     0.859111267               0
  654      1.70101475      5.83095577               0
  655      2.56228067      4.37904465               0
  656     0.809059379      9.23067803               0
  657      7.10455663      1.18273866               0
  658     0.813958639      8.90571496               0
  659      3.70316633      3.09223467               0
  660      1.41627224      6.31510121               0
  661     0.818857898       8.5807519               0
  662      1.12231915      7.12266692               0
  663      7.38793905      1.02361825               0
  664      2.84939319      3.89485316               0
  665      5.40693038      1.81197569               0
  666      5.12360007      1.97118919               0
  667      5.69026068      1.65276219               0
  668     0.823757368       8.2557889               0
  669      4.84026977      2.13040269               0
  670      3.41983602      3.25144817               0
  671      1.99199006      5.02242674               0
  672      4.55693946      2.28961619               0
  673      1.70495325      5.50629702               0
  674      2.27895037      4.53825815               0
  675     0.828656837      7.93082591               0
  676      1.12727567      6.79772318               0
  677      4.27360916      2.44882968               0
  678      8.29372488     0.748104213               0
  679     0.635714286             9.7               0
  680             9.7     0.635714286               0
  681      7.67132148     0.864497838               0
  682      9.36428571     0.635714286               0
  683      1.41890935      5.99015672               0
  684      5.97750762      1.41601884               0
  685      6.54168057      1.17600539               0
  686      3.13650572      3.41066167               0
  687      2.56606289      4.05406665               0
  688      3.99027885      2.60804318               0
  689     0.833559663      7.60586404               0
  690      6.26149985      1.25724655               0
  691      6.82506227      1.01688367               0
  692     0.554529689      9.46533901               0
  693      8.92481735     0.579555634               0
  694      1.13232389      6.47305796               0
  695     0.554529689      9.12962473               0
  696      3.70694855      2.76725668               0
  697       1.7087992      5.18168717               0
  698     0.559428949      8.80466166               0
  699     0.838462488      7.28090218               0
  700      1.99562007      4.69747165               0
  701      8.58910306     0.579555634               0
  702      2.85317541      3.56987517               0
  703      1.42154645      5.66521222               0
  704     0.559428949      8.46894738               0
  705      2.28273259      4.21328016               0
  706      3.42361824      2.92647018               0
  707      5.12738229       1.6462112               0
  708       5.4107126       1.4869977               0
  709     0.564328419      8.14398438               0
  710      4.84405199       1.8054247               0
  711      1.13625934      6.15021138               0
  712     0.843419016      6.95595844               0
  713      8.01423217     0.582248919               0
  714      4.56072168      1.96463819               0
  715       2.5698451      3.72908866               0
  716      3.14028793      3.08568368               0
  717      4.27739138      2.12385169               0
  718     0.564328419       7.8082701               0
  719      7.67851788     0.582248919               0
  720      7.05942117     0.741369332               0
  721      1.71242921      4.85673208               0
  722      5.69795953      1.25025434               0
  723      1.42539241      5.34060237               0
  724      3.99406107      2.28306519               0
  725      1.99940228      4.37249366               0
  726     0.848375544      6.63101471               0
  727       6.5455679     0.851028678               0
  728     0.569231244      7.48330823               0
  729      1.13889645      5.82526688               0
  730             0.3             9.7               0
  731             9.7             0.3               0
  732      9.36428571             0.3               0
  733             0.3      9.36428571               0
  734      2.85695763      3.24489717               0
  735      3.71073076      2.44227869               0
  736      6.26538719     0.932269831               0
  737       7.3428036     0.582248919               0
  738       2.2865148      3.88830217               0
  739             0.3      9.02857143               0
  740      9.02857143             0.3               0
  741      5.98520647      1.01351098               0
  742             0.3      8.69285714               0
  743      8.69285714             0.3               0
  744      3.42740046      2.60149219               0
  745     0.852310995      6.30816812               0
  746     0.569231244      7.14759395               0
  747             0.3      8.35714286               0
  748      8.35714286             0.3               0
  749      1.42923836      5.01599251               0
  750      2.57362732      3.40411067               0
  751       1.7160798      4.53171004               0
  752      1.14223148      5.50046325               0
  753      5.13116451      1.32123321               0
  754      4.84783421      1.48044671               0
  755      3.14407015      2.76070568               0
  756      8.02142857             0.3               0
  757             0.3      8.02142857               0
  758       2.0031845      4.04751567               0
  759      5.41449482      1.16201971               0
  760       4.5645039       1.6396602               0
  761     0.574187772      6.82265021               0
  762      6.77992681     0.575514339               0
  763      4.28117359       1.7988737               0
  764     0.856246447      5.98532154               0
  765             0.3      7.68571429               0
  766      7.68571429             0.3               0
  767      3.99784329       1.9580872               0
  768      2.29029702      3.56332418               0
  769      2.86073985      2.91991918               0
  770      5.70174175     0.925276351               0
  771      3.71451298       2.1173007               0
  772      1.43288895      4.69097048               0
  773     0.574187772      6.48693592               0
  774      1.14607743       5.1758534               0
  775      6.44421252     0.575514339               0
  776      1.71986202      4.20673205               0
  777             0.3            7.35               0
  778            7.35             0.3               0
  779       6.1640318     0.656755492               0
  780      3.43118268       2.2765142               0
  781      0.85958148      5.66051791               0
  782      2.57740954      3.07913268               0
  783      2.00696672      3.72253768               0
  784             0.3      7.01428571               0
  785      7.01428571             0.3               0
  786      3.14785237      2.43572769               0
  787     0.578123223      6.16408934               0
  788      4.85161642      1.15546871               0
  789      5.13494673     0.996255216               0
  790      2.29407924      3.23834619               0
  791      1.14951411      4.85019156               0
  792      4.56828612      1.31468221               0
  793      1.43653953      4.36594844               0
  794      5.82831752     0.656755492               0
  795      5.41827704     0.837041718               0
  796      4.28495581      1.47389571               0
  797     0.862916512      5.33571429               0
  798      2.86452207      2.59494119               0
  799      1.72363644      3.88175131               0
  800             0.3      6.67857143               0
  801      6.67857143             0.3               0
  802      4.00162551      1.63310921               0
  803     0.578123223      5.82837506               0
  804       3.7182952      1.79232271               0
  805      2.01074893      3.39755969               0
  806      2.58119176      2.75415469               0
  807       3.4349649       1.9515362               0
  808             0.3      6.34285714               0
  809      6.34285714             0.3               0
  810       1.1531647      4.52516952               0
  811     0.866353186      5.01005245               0
  812      1.44031395       4.0409677               0
  813      3.15163459       2.1107497               0
  814       5.5448528     0.568520859               0
  815     0.581458256      5.50357143               0
  816      2.29786145      2.91336819               0
  817      1.72741866      3.55677332               0
  818      2.86830429       2.2699632               0
  819             0.3      6.00714286               0
  820      6.00714286             0.3               0
  821      4.57206834     0.989704221               0
  822      4.28873803      1.14891772               0
  823      4.00540773      1.30813122               0
  824      2.01453115      3.07258169               0
  825      0.86978986      4.68439061               0
  826      1.15698065      4.20018129               0
  827      4.92580821     0.727734357               0
  828      2.58497398       2.4291767               0
  829      3.72207742      1.46734471               0
  830      5.20913852     0.568520859               0
  831     0.581458256      5.16785714               0
  832      1.44408838      3.71598695               0
  833      3.43874712      1.62655821               0
  834             0.3      5.67142857               0
  835      5.67142857             0.3               0
  836      2.30164367      2.58839019               0
  837      1.73120082      3.23179517               0
  838      3.15541681      1.78577171               0
  839     0.873605818      4.35940238               0
  840      0.58489493      4.84219531               0
  841      2.87208651      1.94498521               0
  842      1.16075508      3.87520055               0
  843      2.01831337      2.74760369               0
  844             0.3      5.33571429               0
  845      5.33571429             0.3               0
  846      1.44787054       3.3910088               0
  847      4.29252025     0.823939728               0
  848       2.5887562      2.10419871               0
  849      4.00918995     0.983153226               0
  850      3.72585964      1.14236672               0
  851      4.64626013     0.561969864               0
  852      1.73498303      2.90681716               0
  853      3.44252933      1.30158022               0
  854     0.877421775      4.03441415               0
  855      2.30542589       2.2634122               0
  856      0.58489493      4.50648102               0
  857             0.3               5               0
  858               5             0.3               0
  859      3.15919903      1.46079372               0
  860      1.16453984      3.55022192               0
  861      2.87586872      1.62000722               0
  862      2.02209559       2.4226257               0
  863       1.4516527      3.06603064               0
  864      4.31054584     0.561969864               0
  865      2.59253842      1.77922071               0
  866     0.588710888      4.18149279               0
  867     0.881206535      3.70943552               0
  868             0.3      4.66428571               0
  869      4.66428571             0.3               0
  870      1.73876528      2.58183919               0
  871        1.168322      3.22524377               0
  872      2.30920811      1.93843421               0
  873      3.44631155      0.97660223               0
  874      3.16298125      1.13581573               0
  875      3.97483155     0.561969864               0
  876      1.45543495      2.74105267               0
  877      2.02587781      2.09764771               0
  878      3.69150125     0.721183362               0
  879             0.3      4.32857143               0
  880      4.32857143             0.3               0
  881     0.588710888       3.8457785               0
  882     0.884991295      3.38445689               0
  883      2.88623879      1.22298826               0
  884       1.7425475       2.2568612               0
  885      1.17210464      2.90026616               0
  886      2.60290848      1.38220176               0
  887      2.31299033      1.61345622               0
  888             0.3      3.99285714               0
  889      3.99285714             0.3               0
  890      1.45921719       2.4160747               0
  891     0.592495648      3.52079988               0
  892      2.02966003      1.77266972               0
  893      3.16676347     0.810837737               0
  894     0.888773938      3.05947929               0
  895      3.41195316     0.555418869               0
  896      1.17588689      2.57528819               0
  897      1.74632972      1.93188321               0
  898      2.89002101     0.898010271               0
  899             0.3      3.65714286               0
  900      3.65714286             0.3               0
  901     0.592495648      3.18508559               0
  902      1.46299942      2.09109671               0
  903     0.892556581      2.73450169               0
  904      2.61327855     0.985182806               0
  905       2.3233604      1.21643727               0
  906      2.03344225      1.44769172               0
  907      3.07623888     0.555418869               0
  908      1.17966911       2.2503102               0
  909      1.75011194      1.60690522               0
  910             0.3      3.32142857               0
  911      3.32142857             0.3               0
  912      2.79949642     0.642591403               0
  913     0.596278291      2.86010799               0
  914     0.896338803       2.4095237               0
  915      1.46678164      1.76611872               0
  916      2.32714262     0.891459275               0
  917      2.03722447      1.12271373               0
  918      1.18345133      1.92533221               0
  919             0.3      2.98571429               0
  920      2.98571429             0.3               0
  921      1.75389416      1.28192723               0
  922     0.596278291       2.5243937               0
  923      2.46378213     0.642591403               0
  924     0.900121024      2.08454571               0
  925      1.47056386      1.44114072               0
  926      2.04100669     0.797735743               0
  927             0.3            2.65               0
  928            2.65             0.3               0
  929      1.18723355      1.60035422               0
  930     0.600060512      2.19941571               0
  931      1.75767638     0.956949239               0
  932       2.1776462     0.548867872               0
  933     0.903903245      1.75956772               0
  934      1.47434608      1.11616273               0
  935             0.3      2.31428571               0
  936      2.31428571             0.3               0
  937      1.19101577      1.27537623               0
  938     0.600060512      1.86370142               0
  939      1.84193191     0.548867872               0
  940     0.907685466      1.43458973               0
  941      1.55860161     0.708081367               0
  942             0.3      1.97857143               0
  943      1.97857143             0.3               0
  944      1.19479799     0.950398239               0
  945     0.603842733      1.53872343               0
  946     0.911467686      1.10961174               0
  947      1.64285714             0.3               0
  948             0.3      1.64285714               0
  949      1.27905352     0.542316872               0
  950     0.603842733      1.20300915               0
  951     0.915249907     0.784633745               0
  952             0.3      1.30714286               0
  953      1.30714286             0.3               0
  954     0.607624953     0.878031158               0
  955     0.943339239     0.542316872               0
  956             0.3     0.971428571               0
  957     0.971428571             0.3               0
  958     0.607624953     0.542316872               0
  959     0.635714286             0.3               0
  960             0.3     0.635714286               0
  961             0.3             0.3               0
End Coordinates

Elements
1 961 951 956 958 954 960
2 834 857 797 844 831 815
3 797 857 825 831 840 811
4 797 825 749 811 791 774
5 749 825 793 791 810 772
6 793 825 854 810 839 826
7 854 825 879 839 856 866
8 854 879 899 866 888 881
9 793 854 832 826 842 812
10 832 854 882 842 867 860
11 882 854 899 867 881 891
12 882 899 919 891 910 901
13 832 882 863 860 871 846
14 832 863 805 846 837 817
15 805 863 843 837 852 824
16 805 843 782 824 816 790
17 782 843 828 816 836 806
18 828 843 877 836 862 855
19 877 843 890 862 870 884
20 877 890 915 884 902 897
21 915 890 924 902 908 918
22 924 890 903 908 896 914
23 903 890 863 896 876 885
24 903 863 882 885 871 894
25 863 890 843 876 870 852
26 782 828 755 806 798 769
27 755 828 813 798 818 786
28 813 828 865 818 848 841
29 865 828 877 848 855 872
30 865 877 906 872 892 887
31 906 877 915 892 897 909
32 906 915 934 909 925 921
33 934 915 940 925 929 937
34 940 915 924 929 918 933
35 934 940 951 937 946 944
36 951 940 956 946 950 954
37 951 961 957 958 959 955
38 951 957 947 955 953 949
39 934 951 947 944 949 941
40 782 755 686 769 716 734
41 686 755 659 716 706 670
42 659 755 735 706 744 696
43 735 755 813 744 786 780
44 686 659 592 670 619 638
45 592 659 567 619 611 575
46 567 659 642 611 649 604
47 642 659 735 649 696 688
48 642 735 717 688 724 677
49 717 735 804 724 771 767
50 717 804 796 767 802 763
51 796 804 850 802 829 823
52 850 804 859 829 833 853
53 859 804 813 833 807 838
54 813 804 735 807 771 780
55 686 592 617 638 605 651
56 617 592 528 605 560 571
57 528 592 501 560 547 517
58 501 592 567 547 575 534
59 686 617 715 651 664 702
60 715 617 655 664 639 687
61 655 617 564 639 590 608
62 564 617 528 590 571 541
63 564 528 476 541 499 519
64 476 528 444 499 485 456
65 444 528 501 485 517 474
66 444 501 422 474 460 429
67 422 501 484 460 493 453
68 422 484 412 453 445 415
69 484 501 567 493 534 526
70 412 484 475 445 479 440
71 475 484 553 479 521 514
72 412 475 400 440 435 404
73 553 484 567 521 526 562
74 553 567 642 562 604 596
75 553 642 628 596 637 593
76 628 642 717 637 677 672
77 400 475 466 435 471 433
78 400 466 398 433 432 397
79 466 475 546 471 507 505
80 398 466 473 432 468 434
81 546 475 553 507 514 549
82 473 466 545 468 504 506
83 545 466 546 504 505 543
84 473 545 552 506 548 512
85 552 545 627 548 584 589
86 627 545 622 584 582 623
87 622 545 546 582 543 583
88 622 546 628 583 586 625
89 628 546 553 586 549 593
90 622 628 710 625 669 666
91 710 628 717 669 672 714
92 710 717 796 714 763 760
93 710 796 788 760 792 754
94 788 796 847 792 822 821
95 710 788 708 754 753 707
96 708 788 795 753 789 759
97 847 796 850 822 823 849
98 847 850 900 849 878 875
99 795 788 858 789 827 830
100 686 715 782 702 750 734
101 782 715 805 750 768 790
102 805 715 758 768 738 783
103 758 715 655 738 687 705
104 758 655 700 705 674 725
105 700 655 602 674 626 650
106 758 700 793 725 751 776
107 793 700 749 751 721 772
108 749 700 648 721 671 697
109 648 700 602 671 650 620
110 648 602 555 620 573 600
111 555 602 511 573 558 529
112 511 602 564 558 577 535
113 511 564 476 535 519 492
114 511 476 424 492 451 465
115 511 424 463 465 449 487
116 463 424 387 449 408 423
117 387 424 354 408 388 369
118 354 424 392 388 413 376
119 392 424 476 413 451 431
120 602 655 564 626 608 577
121 793 832 758 812 799 776
122 758 832 805 799 817 783
123 354 392 324 376 358 338
124 354 324 287 338 305 320
125 324 392 371 358 383 349
126 354 287 318 320 302 334
127 287 324 262 305 292 274
128 371 392 444 383 418 407
129 354 318 387 334 352 369
130 318 287 254 302 270 286
131 262 324 304 292 314 281
132 262 304 246 281 273 250
133 318 254 290 286 272 303
134 290 254 229 272 242 259
135 246 304 289 273 295 268
136 289 304 353 295 326 321
137 229 254 199 242 225 216
138 353 304 371 326 335 359
139 199 254 226 225 241 213
140 226 254 287 241 270 255
141 226 287 262 255 274 245
142 226 262 207 245 233 218
143 207 262 246 233 250 223
144 207 246 194 223 219 198
145 194 246 235 219 239 212
146 235 246 289 239 268 260
147 371 304 324 335 314 349
148 387 318 356 352 336 373
149 356 318 290 336 303 323
150 387 356 427 373 390 411
151 427 356 401 390 379 416
152 401 356 331 379 344 362
153 331 356 290 344 323 309
154 427 401 481 416 441 454
155 427 481 516 454 496 472
156 516 481 568 496 524 539
157 568 481 538 524 508 554
158 538 481 455 508 464 495
159 455 481 401 464 441 425
160 455 401 381 425 389 417
161 455 381 437 417 410 448
162 381 401 331 389 362 355
163 437 381 363 410 374 399
164 437 363 428 399 395 430
165 363 381 316 374 350 341
166 316 381 331 350 355 322
167 316 331 269 322 299 291
168 269 331 290 299 309 277
169 269 290 229 277 259 248
170 428 363 364 395 361 394
171 269 229 214 248 221 240
172 214 229 176 221 202 195
173 176 229 199 202 216 190
174 269 214 252 240 232 261
175 269 252 316 261 283 291
176 252 214 196 232 201 224
177 252 196 236 224 215 243
178 316 252 300 283 275 306
179 300 252 236 275 243 267
180 316 300 363 306 332 341
181 363 300 364 332 330 361
182 176 199 148 190 173 161
183 176 148 131 161 136 153
184 131 148 105 136 126 115
185 131 105 93 115 97 111
186 93 105 69 97 84 81
187 69 105 86 84 96 80
188 86 105 127 96 114 107
189 127 105 148 114 126 134
190 127 148 174 134 158 150
191 127 174 156 150 165 138
192 174 148 199 158 173 185
193 174 199 226 185 213 200
194 156 174 207 165 191 181
195 69 86 59 80 72 65
196 59 86 79 72 83 68
197 79 86 113 83 99 95
198 113 86 127 99 107 117
199 69 59 45 65 50 55
200 69 45 60 55 52 66
201 60 45 34 52 37 46
202 45 59 36 50 47 40
203 36 59 51 47 54 42
204 51 59 79 54 68 64
205 45 36 24 40 29 33
206 24 36 17 29 27 20
207 17 36 30 27 32 23
208 30 36 51 32 42 39
209 45 24 34 33 28 37
210 174 226 207 200 218 191
211 17 30 19 23 22 15
212 427 516 463 472 490 450
213 427 463 387 450 423 411
214 463 516 555 490 531 509
215 463 555 511 509 529 487
216 555 516 607 531 561 576
217 555 607 648 576 624 600
218 648 607 703 624 654 673
219 648 703 749 673 723 697
220 749 703 797 723 752 774
221 797 703 764 752 729 781
222 797 764 834 781 803 815
223 834 764 808 803 787 819
224 764 703 660 729 683 711
225 703 607 660 654 635 683
226 660 607 568 635 585 612
227 660 568 631 612 598 645
228 660 631 726 645 676 694
229 631 568 538 598 554 581
230 660 726 764 694 745 711
231 764 726 808 745 773 787
232 808 726 784 773 761 800
233 726 631 699 676 662 712
234 607 516 568 561 539 585
235 699 631 606 662 615 652
236 726 699 784 712 746 761
237 784 699 765 746 728 777
238 606 631 538 615 581 570
239 699 606 675 652 643 689
240 699 675 765 689 718 728
241 765 675 747 718 709 757
242 675 606 588 643 595 632
243 675 588 661 632 621 668
244 588 606 520 595 563 551
245 520 606 538 563 570 527
246 661 588 574 621 578 616
247 588 520 502 551 510 542
248 502 520 437 510 478 467
249 661 574 656 616 614 658
250 574 588 502 578 542 537
251 661 656 739 658 695 698
252 739 656 730 695 692 733
253 656 574 629 614 603 644
254 574 502 494 537 497 536
255 494 502 428 497 462 461
256 574 494 532 536 515 556
257 532 494 446 515 470 488
258 446 494 428 470 461 436
259 194 235 184 212 210 188
260 194 184 145 188 164 169
261 145 184 139 164 160 143
262 139 184 183 160 182 159
263 183 184 227 182 208 206
264 227 184 235 208 210 230
265 227 235 282 230 257 253
266 282 235 289 257 260 285
267 227 282 280 253 279 251
268 280 282 337 279 308 307
269 337 282 343 308 312 340
270 337 343 400 340 372 368
271 343 282 289 312 285 317
272 343 289 353 317 321 348
273 145 139 103 143 119 122
274 145 103 113 122 110 128
275 103 139 102 119 118 101
276 102 139 144 118 140 121
277 144 139 183 140 159 162
278 144 183 192 162 186 167
279 192 183 231 186 209 211
280 231 183 227 209 206 228
281 343 353 412 348 380 377
282 113 103 79 110 92 95
283 145 113 156 128 133 149
284 156 113 127 133 117 138
285 145 156 194 149 172 169
286 194 156 207 172 181 198
287 79 103 75 92 88 77
288 79 75 51 77 63 64
289 75 103 102 88 101 87
290 51 75 49 63 61 48
291 49 75 78 61 74 62
292 49 78 57 62 67 53
293 78 75 102 74 87 89
294 78 102 112 89 106 94
295 78 112 91 94 98 82
296 112 102 144 106 121 125
297 112 144 154 125 147 132
298 112 154 130 132 137 116
299 154 144 192 147 167 171
300 154 192 205 171 197 180
301 154 205 178 180 193 166
302 205 192 244 197 217 222
303 244 192 231 217 211 238
304 205 244 263 222 249 234
305 263 244 301 249 271 278
306 301 244 288 271 266 293
307 288 244 231 266 238 258
308 205 263 237 234 247 220
309 288 231 280 258 256 284
310 280 231 227 256 228 251
311 288 280 342 284 310 315
312 288 342 351 315 345 319
313 351 342 409 345 375 378
314 409 342 398 375 370 402
315 288 351 301 319 325 293
316 342 280 337 310 307 339
317 342 337 398 339 367 370
318 301 351 366 325 357 333
319 301 366 327 333 347 313
320 327 366 396 347 384 360
321 396 366 442 384 403 419
322 442 366 421 403 391 426
323 421 366 351 391 357 385
324 421 351 409 385 378 414
325 301 327 263 313 294 278
326 421 409 483 414 443 452
327 421 483 498 452 491 458
328 498 483 565 491 523 530
329 565 483 552 523 518 559
330 483 409 473 443 439 477
331 263 327 297 294 311 276
332 396 442 480 419 457 438
333 396 480 447 438 459 420
334 480 442 525 457 482 500
335 480 525 566 500 544 522
336 566 525 613 544 569 591
337 613 525 587 569 557 599
338 587 525 498 557 513 540
339 498 525 442 513 482 469
340 498 442 421 469 426 458
341 480 566 533 522 550 503
342 566 613 653 591 636 609
343 653 613 748 636 678 701
344 566 653 630 609 641 597
345 498 565 587 530 572 540
346 587 565 657 572 610 618
347 657 565 640 610 601 646
348 587 657 681 618 663 634
349 640 565 552 601 559 594
350 640 552 627 594 589 633
351 587 681 613 634 647 599
352 613 681 748 647 713 678
353 681 657 785 663 720 737
354 657 640 727 646 685 691
355 727 640 741 685 690 736
356 657 727 785 691 762 720
357 741 640 627 690 633 684
358 741 627 708 684 667 722
359 708 627 622 667 623 665
360 708 622 710 665 666 707
361 727 741 809 736 779 775
362 51 49 30 48 38 39
363 30 49 35 38 41 31
364 859 813 865 838 841 861
365 859 865 904 861 886 883
366 904 865 906 886 887 905
367 904 906 926 905 917 916
368 926 906 934 917 921 931
369 926 934 947 931 941 939
370 926 947 936 939 943 932
371 926 936 904 932 923 916
372 859 904 893 883 898 874
373 859 893 850 874 873 853
374 850 893 900 873 895 878
375 893 904 920 898 912 907
376 473 552 483 512 518 477
377 455 437 520 448 478 486
378 444 422 371 429 393 407
379 196 214 163 201 189 179
380 163 214 176 189 195 170
381 163 176 131 170 153 146
382 196 163 155 179 157 175
383 155 163 120 157 141 135
384 155 120 129 135 123 142
385 155 129 177 142 151 168
386 155 177 196 168 187 175
387 120 163 131 141 146 124
388 120 131 93 124 111 104
389 120 93 90 104 85 100
390 327 396 365 360 382 346
391 675 661 747 668 704 709
392 747 661 739 704 698 742
393 940 924 948 933 938 945
394 940 948 956 945 952 950
395 788 847 858 821 851 827
396 422 412 353 415 380 386
397 903 882 919 894 901 913
398 903 919 935 913 927 922
399 708 795 741 759 770 722
400 69 60 93 66 76 81
401 93 60 90 76 73 85
402 437 428 502 430 462 467
403 398 473 409 434 439 402
404 924 903 935 914 922 930
405 924 935 948 930 942 938
406 412 400 343 404 372 377
407 538 455 520 495 486 527
408 400 398 337 397 367 368
409 24 17 12 20 13 16
410 12 17 6 13 9 7
411 24 12 18 16 14 21
412 18 12 5 14 8 10
413 5 12 6 8 7 4
414 353 371 422 359 393 386
415 476 444 392 456 418 431
416 825 857 879 840 868 856
417 741 795 835 770 814 794
418 835 795 858 814 830 845
419 533 447 480 489 459 503
420 56 90 60 70 73 58
421 835 809 741 820 779 794
422 727 809 785 775 801 762
423 532 629 574 579 603 556
424 656 629 730 644 679 692
425 57 35 49 44 41 53
426 237 178 205 204 193 220
427 236 296 300 264 298 267
428 920 900 893 911 895 907
429 920 904 936 912 923 928
430 748 740 653 743 693 701
431 653 740 630 693 682 641
432 1 5 6 2 4 3
433 365 297 327 329 311 346
434 19 6 17 11 9 15
435 785 766 681 778 719 737
436 681 766 748 719 756 713
437 880 858 847 869 851 864
438 880 847 900 864 875 889
439 130 91 112 109 98 116
440 364 446 428 405 436 394
441 731 630 740 680 682 732
442 18 34 24 25 28 21
443 447 365 396 406 382 420
444 90 129 120 108 123 100
445 35 19 30 26 22 31
446 178 130 154 152 137 166
447 296 364 300 328 330 298
448 297 237 263 265 247 276
449 177 236 196 203 215 187
450 91 57 78 71 67 82
451 34 56 60 43 58 46
452 630 533 566 580 550 597
End Elements
PROBLEM DATA
END PROBLEM DATA
INTERVAL NUMBER: 1
INTERVAL DATA
END INTERVAL DATA
