            1        0.00000000000              0.00000000000
            2        0.00000000000               0.357142857000
            3         0.357142857000            0.00000000000
            4        0.00000000000               0.714285714000
            5         0.714285714000            0.00000000000
            6        0.00000000000                1.07142857000
            7          1.07142857000            0.00000000000
            8        0.00000000000                1.42857143000
            9          1.42857143000            0.00000000000
           10        0.00000000000                1.78571429000
           11          1.78571429000            0.00000000000
           12        0.00000000000                2.14285714000
           13          2.14285714000            0.00000000000
           14        0.00000000000                2.50000000000
           15          2.50000000000            0.00000000000
           16        0.00000000000                2.85714286000
           17          2.85714286000            0.00000000000
           18        0.00000000000                3.21428571000
           19          3.21428571000            0.00000000000
           20        0.00000000000                3.57142857000
           21          3.57142857000            0.00000000000
           22        0.00000000000                3.92857143000
           23          3.92857143000            0.00000000000
           24        0.00000000000                4.28571429000
           25          4.28571429000            0.00000000000
           26        0.00000000000                4.64285714000
           27          4.64285714000            0.00000000000
           28        0.00000000000                5.00000000000
           29          5.00000000000            0.00000000000
           30        0.00000000000                5.35714286000
           31          5.35714286000            0.00000000000
           32        0.00000000000                5.71428571000
           33          5.71428571000            0.00000000000
           34        0.00000000000                6.07142857000
           35          6.07142857000            0.00000000000
           36        0.00000000000                6.42857143000
           37          6.42857143000            0.00000000000
           38        0.00000000000                6.78571429000
           39          6.78571429000            0.00000000000
           40        0.00000000000                7.14285714000
           41          7.14285714000            0.00000000000
           42        0.00000000000                7.50000000000
           43          7.50000000000            0.00000000000
           44        0.00000000000                7.85714286000
           45          7.85714286000            0.00000000000
           46        0.00000000000                8.21428571000
           47          8.21428571000            0.00000000000
           48        0.00000000000                8.57142857000
           49          8.57142857000            0.00000000000
           50        0.00000000000                8.92857143000
           51          8.92857143000            0.00000000000
           52        0.00000000000                9.28571429000
           53          9.28571429000            0.00000000000
           54        0.00000000000                9.64285714000
           55          9.64285714000            0.00000000000
           56        0.00000000000                10.0000000000
           57          10.0000000000            0.00000000000
           58          10.0000000000             0.357142857000
           59         0.357142857000              10.0000000000
           60          10.0000000000             0.714285714000
           61         0.714285714000              10.0000000000
           62          10.0000000000              1.07142857000
           63          1.07142857000              10.0000000000
           64          1.42857143000              10.0000000000
           65          10.0000000000              1.42857143000
           66          10.0000000000              1.78571429000
           67          1.78571429000              10.0000000000
           68          2.14285714000              10.0000000000
           69          10.0000000000              2.14285714000
           70          2.50000000000              10.0000000000
           71          10.0000000000              2.50000000000
           72          2.85714286000              10.0000000000
           73          10.0000000000              2.85714286000
           74          3.21428571000              10.0000000000
           75          10.0000000000              3.21428571000
           76          3.57142857000              10.0000000000
           77          10.0000000000              3.57142857000
           78          3.92857143000              10.0000000000
           79          10.0000000000              3.92857143000
           80          4.28571429000              10.0000000000
           81          10.0000000000              4.28571429000
           82          4.64285714000              10.0000000000
           83          10.0000000000              4.64285714000
           84          5.00000000000              10.0000000000
           85          10.0000000000              5.00000000000
           86          5.35714286000              10.0000000000
           87          10.0000000000              5.35714286000
           88          5.71428571000              10.0000000000
           89          10.0000000000              5.71428571000
           90          6.07142857000              10.0000000000
           91          10.0000000000              6.07142857000
           92          6.42857143000              10.0000000000
           93          10.0000000000              6.42857143000
           94          6.78571429000              10.0000000000
           95          10.0000000000              6.78571429000
           96          7.14285714000              10.0000000000
           97          10.0000000000              7.14285714000
           98          7.50000000000              10.0000000000
           99          10.0000000000              7.50000000000
          100          7.85714286000              10.0000000000
          101          10.0000000000              7.85714286000
          102          10.0000000000              8.21428571000
          103          8.21428571000              10.0000000000
          104          8.57142857000              10.0000000000
          105          10.0000000000              8.57142857000
          106          8.92857143000              10.0000000000
          107          10.0000000000              8.92857143000
          108          9.28571429000              10.0000000000
          109          10.0000000000              9.28571429000
          110          10.0000000000              9.64285714000
          111          9.64285714000              10.0000000000
          112          10.0000000000              10.0000000000
            1           1           3           5
            2           5           7           9
            3           9          11          13
            4          13          15          17
            5          17          19          21
            6          21          23          25
            7          25          27          29
            8          29          31          33
            9          33          35          37
           10          37          39          41
           11          41          43          45
           12          45          47          49
           13          49          51          53
           14          53          55          57
           15          57          58          60
           16          60          62          65
           17          65          66          69
           18          69          71          73
           19          73          75          77
           20          77          79          81
           21          81          83          85
           22          85          87          89
           23          89          91          93
           24          93          95          97
           25          97          99         101
           26         101         102         105
           27         105         107         109
           28         109         110         112
           29         112         111         108
           30         108         106         104
           31         104         103         100
           32         100          98          96
           33          96          94          92
           34          92          90          88
           35          88          86          84
           36          84          82          80
           37          80          78          76
           38          76          74          72
           39          72          70          68
           40          68          67          64
           41          64          63          61
           42          61          59          56
           43          56          54          52
           44          52          50          48
           45          48          46          44
           46          44          42          40
           47          40          38          36
           48          36          34          32
           49          32          30          28
           50          28          26          24
           51          24          22          20
           52          20          18          16
           53          16          14          12
           54          12          10           8
           55           8           6           4
           56           4           2           1
