            1          9.70000000000              9.70000000000
            2          9.36428571000              9.70000000000
            3          9.70000000000              9.36428571000
            4          9.36428571000              9.36428571000
            5          9.02857143000              9.70000000000
            6          9.70000000000              9.02857143000
            7          9.24264333000              9.12445039000
            8          8.90692905000              9.46016468000
            9          9.29558037000              8.84496264000
           10          8.69285714000              9.70000000000
           11          9.70000000000              8.69285714000
           12          8.78528667000              9.22032936000
           13          8.83822370000              8.94084160000
           14          8.57121476000              9.46016468000
           15          9.29558037000              8.50924835000
           16          8.51281410000              9.13444245000
           17          8.89116074000              8.66135385000
           18          8.35714286000              9.70000000000
           19          9.70000000000              8.35714286000
           20          8.56575113000              8.85495470000
           21          8.29874219000              9.37427777000
           22          9.30625774000              8.18779113000
           23          8.90183811000              8.33989663000
           24          8.24034153000              9.04855555000
           25          8.02142857000              9.70000000000
           26          9.70000000000              8.02142857000
           27          8.51795782000              8.50352924000
           28          7.96302791000              9.37427777000
           29          8.19254821000              8.69713009000
           30          8.91251549000              8.01843941000
           31          9.30625774000              7.85207685000
           32          8.52863519000              8.18207202000
           33          7.90916562000              8.85625050000
           34          7.68571429000              9.70000000000
           35          9.70000000000              7.68571429000
           36          8.14475490000              8.34570463000
           37          7.63185200000              9.18197273000
           38          8.91600852000              7.68979273000
           39          8.53252417000              7.85709529000
           40          7.86137230000              8.50482505000
           41          9.30975078000              7.52343017000
           42          8.14864388000              8.02072790000
           43          7.35000000000              9.70000000000
           44          9.70000000000              7.35000000000
           45          7.57798971000              8.66394546000
           46          7.35053103000              9.41222099000
           47          7.86526128000              8.17984831000
           48          8.53601720000              7.52844862000
           49          8.91950155000              7.36114606000
           50          7.58187869000              8.33896872000
           51          8.15253286000              7.69575117000
           52          7.29666874000              8.89419372000
           53          9.30975078000              7.18771589000
           54          7.86915026000              7.85487158000
           55          7.29849609000              8.49808913000
           56          7.01428571000              9.70000000000
           57          9.70000000000              7.01428571000
           58          7.01481674000              9.41222099000
           59          7.58576767000              8.01399199000
           60          7.01534777000              9.12444199000
           61          8.53990620000              7.20347042000
           62          8.92177360000              7.03126850000
           63          8.15642185000              7.37077298000
           64          7.87303924000              7.52989485000
           65          7.30238507000              8.17311240000
           66          7.01717512000              8.72833740000
           67          9.31202283000              6.85783832000
           68          7.58965665000              7.68901526000
           69          7.01900248000              8.33223281000
           70          6.67857143000              9.70000000000
           71          9.70000000000              6.67857143000
           72          7.30627405000              7.84813567000
           73          6.67910246000              9.41222099000
           74          8.54217825000              6.87359286000
           75          8.16031085000              7.04579478000
           76          6.73379253000              8.88745782000
           77          7.87692824000              7.20491666000
           78          8.92404566000              6.70139093000
           79          7.59354563000              7.36403853000
           80          7.02289146000              8.00725608000
           81          6.73561988000              8.49135323000
           82          9.31202283000              6.52212404000
           83          7.31016303000              7.52315894000
           84          6.73950886000              8.16637649000
           85          6.39754722000              9.17523682000
           86          7.02678044000              7.68227935000
           87          8.16419967000              6.72081627000
           88          7.88081725000              6.87993700000
           89          8.54606707000              6.54861435000
           90          6.34285714000              9.70000000000
           91          9.70000000000              6.34285714000
           92          7.59743464000              7.03905887000
           93          6.45223729000              8.65047365000
           94          8.92611021000              6.37130313000
           95          7.31405201000              7.19818221000
           96          6.74339784000              7.84139976000
           97          6.45612627000              8.32549691000
           98          9.31408738000              6.19203623000
           99          7.03066942000              7.35730262000
          100          6.08850837000              9.37443250000
          101          7.88470607000              6.55495849000
          102          8.16808849000              6.39583776000
          103          7.60132366000              6.71407921000
          104          6.14319845000              8.84966932000
          105          6.46001524000              8.00052017000
          106          8.54813162000              6.21852654000
          107          6.74728682000              7.51642303000
          108          6.00714286000              9.70000000000
          109          9.70000000000              6.00714286000
          110          7.31794103000              6.87320255000
          111          6.17274365000              8.48461735000
          112          8.92817476000              6.04121532000
          113          7.03455840000              7.03232589000
          114          6.46390423000              7.67554344000
          115          6.17663263000              8.15964061000
          116          9.31408738000              5.85632194000
          117          6.75117580000              7.19144630000
          118          7.88859469000              6.22998175000
          119          7.60521227000              6.38910248000
          120          5.83415961000              9.04886500000
          121          8.17197711000              6.07086102000
          122          7.32182985000              6.54822320000
          123          5.75279409000              9.37443250000
          124          5.86370481000              8.68381302000
          125          8.55202024000              5.89354980000
          126          6.18052165000              7.83466375000
          127          6.46779321000              7.35056671000
          128          7.03844723000              6.70734654000
          129          5.67142857000              9.70000000000
          130          9.70000000000              5.67142857000
          131          5.89325002000              8.31876105000
          132          8.93020413000              5.71109189000
          133          6.75506489000              6.86646957000
          134          6.18441063000              7.50968702000
          135          5.57643115000              9.16790969000
          136          5.89713904000              7.99378419000
          137          9.31611675000              5.52619851000
          138          6.47168229000              7.02558998000
          139          7.60910089000              6.06412574000
          140          7.89248331000              5.90500501000
          141          5.58032076000              8.84293296000
          142          5.49506564000              9.49347719000
          143          7.32571847000              6.22324647000
          144          8.17586572000              5.74588429000
          145          7.04233605000              6.38236720000
          146          5.60986597000              8.47788099000
          147          8.55404961000              5.56342637000
          148          5.90102805000              7.66880734000
          149          6.75895372000              6.54149022000
          150          6.18829966000              7.18471031000
          151          5.33571429000              9.70000000000
          152          9.70000000000              5.33571429000
          153          5.61375610000              8.15290499000
          154          8.93223350000              5.38096846000
          155          5.31870270000              9.28695438000
          156          6.47557138000              6.70061325000
          157          5.32259231000              8.96197765000
          158          5.90491708000              7.34383063000
          159          7.61298951000              5.73914901000
          160          7.32960709000              5.89826973000
          161          5.61764512000              7.82792814000
          162          7.89637192000              5.58002828000
          163          5.32648192000              8.63700093000
          164          7.04622467000              6.05739046000
          165          6.19218874000              6.85973358000
          166          9.31611675000              5.19048423000
          167          8.17975434000              5.42090755000
          168          5.15935135000              9.49347719000
          169          6.76284225000              6.21651119000
          170          5.33037205000              8.31202494000
          171          8.55793823000              5.23844964000
          172          6.47945992000              6.37563422000
          173          5.62153479000              7.50294947000
          174          5.90880611000              7.01885391000
          175          5.07118308000              9.16454132000
          176          5.33426218000              7.98704894000
          177          5.00000000000              9.70000000000
          178          9.70000000000              5.00000000000
          179          5.07507269000              8.83956459000
          180          8.93425722000              5.05083886000
          181          6.19607750000              6.53475496000
          182          7.33349571000              5.57329300000
          183          7.61687812000              5.41417227000
          184          7.05011329000              5.73241372000
          185          5.62542382000              7.17797275000
          186          7.90026054000              5.25505154000
          187          4.91183173000              9.37106413000
          188          6.76673087000              5.89153445000
          189          5.04698863000              8.47114405000
          190          5.33815186000              7.66207027000
          191          5.91269486000              6.69387528000
          192          8.18364296000              5.09593082000
          193          9.31814047000              4.86035463000
          194          6.48334845000              6.05065518000
          195          5.05087876000              8.14616806000
          196          4.82366346000              9.04212825000
          197          8.55996195000              4.90832004000
          198          6.19996604000              6.20977592000
          199          5.34204153000              7.33709160000
          200          5.62931245000              6.85299602000
          201          4.79557940000              8.67370771000
          202          5.05476944000              7.82119099000
          203          4.66428571000              9.70000000000
          204          9.70000000000              4.66428571000
          205          8.93628093000              4.72070926000
          206          7.33738432000              5.24831626000
          207          5.91658362000              6.36889666000
          208          7.05400190000              5.40743699000
          209          7.62076674000              5.08919553000
          210          6.77061949000              5.56655771000
          211          7.90414916000              4.93007481000
          212          6.48723707000              5.72567844000
          213          5.34593016000              7.01211486000
          214          4.76749533000              8.30528717000
          215          4.57611745000              9.37106413000
          216          5.05865911000              7.49621231000
          217          8.18753335000              4.77095396000
          218          5.63320121000              6.52801739000
          219          6.20385465000              5.88479917000
          220          9.31814047000              4.52464035000
          221          4.77138601000              7.98031010000
          222          8.56385233000              4.58334318000
          223          5.92047224000              6.04391991000
          224          4.51219643000              8.83282765000
          225          5.06254774000              7.17123558000
          226          5.34981879000              6.68713813000
          227          7.05789052000              5.08246025000
          228          7.34127294000              4.92333953000
          229          4.77527669000              7.65533303000
          230          6.77450810000              5.24158098000
          231          7.62465536000              4.76421880000
          232          4.48411237000              8.46440711000
          233          5.63708982000              6.20304064000
          234          8.93830382000              4.39057865000
          235          6.49112569000              5.40070171000
          236          4.32857143000              9.70000000000
          237          9.70000000000              4.32857143000
          238          7.90803954000              4.60509795000
          239          6.20774327000              5.55982243000
          240          4.48800163000              8.13943029000
          241          5.06643637000              6.84625884000
          242          4.77916531000              7.33035629000
          243          4.26465042000              9.16176352000
          244          8.19142373000              4.44597710000
          245          5.35370741000              6.36216138000
          246          5.92436085000              5.71894315000
          247          9.32016335000              4.19450974000
          248          4.49189231000              7.81445322000
          249          8.56587522000              4.25321257000
          250          5.64097844000              5.87806389000
          251          7.06177914000              4.75748352000
          252          4.20072940000              8.62352704000
          253          6.77839672000              4.91660424000
          254          4.78305394000              7.00537956000
          255          5.07032499000              6.52128211000
          256          7.34516156000              4.59836279000
          257          6.49501430000              5.07572497000
          258          7.62854644000              4.43924077000
          259          4.49578289000              7.48947701000
          260          6.21163187000              5.23484569000
          261          4.20461867000              8.29855023000
          262          5.35759602000              6.03718463000
          263          8.94032671000              4.06044804000
          264          3.99285714000              9.70000000000
          265          9.70000000000              3.99285714000
          266          7.91193062000              4.28011992000
          267          3.98835882000              9.40211621000
          268          5.92824945000              5.39396642000
          269          4.20850793000              7.97357341000
          270          4.78694257000              6.68040282000
          271          8.19531370000              4.12100037000
          272          4.49967152000              7.16450027000
          273          5.64486704000              5.55308715000
          274          5.07421361000              6.19630536000
          275          3.92443781000              8.86387973000
          276          9.32016335000              3.85879545000
          277          4.21239851000              7.64859720000
          278          8.56976519000              3.92823584000
          279          6.78228534000              4.59162751000
          280          7.06566776000              4.43250678000
          281          5.36148463000              5.71220789000
          282          6.49890292000              4.75074823000
          283          3.92123591000              8.45767033000
          284          7.34905264000              4.27338477000
          285          6.21552049000              4.90986896000
          286          4.50356015000              6.83952354000
          287          4.79083120000              6.35542609000
          288          7.63243751000              4.11426275000
          289          5.93213806000              5.06898968000
          290          4.21628910000              7.32362099000
          291          3.92512517000              8.13269351000
          292          5.07810222000              5.87132863000
          293          7.91582059000              3.95514320000
          294          8.94427289000              3.72918049000
          295          5.64875565000              5.22811042000
          296          3.65714286000              9.70000000000
          297          9.70000000000              3.65714286000
          298          3.65264453000              9.40211621000
          299          3.92901448000              7.80771682000
          300          3.64814621000              9.10423241000
          301          8.19920367000              3.79602364000
          302          4.50744878000              6.51454680000
          303          4.22017773000              6.99864425000
          304          5.36537324000              5.38723115000
          305          4.79471981000              6.03044936000
          306          3.64494431000              8.69802302000
          307          6.78617396000              4.26665077000
          308          6.50279154000              4.42577150000
          309          3.93290507000              7.48274061000
          310          7.06955767000              4.10752937000
          311          9.32410953000              3.52752790000
          312          6.21940912000              4.58489222000
          313          8.57371137000              3.59696829000
          314          5.08199083000              5.54635189000
          315          7.35294254000              3.94840735000
          316          3.64174242000              8.29181362000
          317          5.93602669000              4.74401295000
          318          4.22406636000              6.67366752000
          319          7.63632471000              3.78928582000
          320          4.51133741000              6.18957007000
          321          5.65264425000              4.90313368000
          322          3.64563173000              7.96683692000
          323          3.93679445000              7.15776388000
          324          4.79860842000              5.70547263000
          325          7.91970779000              3.63016627000
          326          5.36926184000              5.06225442000
          327          8.94821907000              3.39791294000
          328          3.32142857000              9.70000000000
          329          9.70000000000              3.32142857000
          330          3.31693025000              9.40211621000
          331          3.64952104000              7.64186023000
          332          3.36156155000              8.85714312000
          333          8.20309133000              3.47104628000
          334          4.22795499000              6.34869079000
          335          5.08587936000              5.22137516000
          336          3.94068307000              6.83278714000
          337          6.50668016000              4.10079476000
          338          4.51522602000              5.86459334000
          339          6.79006387000              3.94167336000
          340          6.22329774000              4.25991549000
          341          3.35835965000              8.45093372000
          342          7.07344757000              3.78255195000
          343          5.93991532000              4.41903622000
          344          3.65341041000              7.31688350000
          345          7.35682974000              3.62343042000
          346          9.32410953000              3.19181361000
          347          8.57759903000              3.27199092000
          348          5.65653289000              4.57815695000
          349          4.80249695000              5.38049590000
          350          3.36224898000              8.12595699000
          351          7.64021191000              3.46430890000
          352          3.94457233000              6.50781020000
          353          5.37315045000              4.73727768000
          354          4.23184363000              6.02371405000
          355          3.36613829000              7.80098030000
          356          3.65729979000              6.99190677000
          357          7.92359545000              3.30518890000
          358          4.51911459000              5.53961671000
          359          5.08976797000              4.89639843000
          360          8.95094472000              3.06725346000
          361          3.03034558000              9.15502691000
          362          3.37002762000              7.47600358000
          363          3.07497688000              8.61005383000
          364          2.98571429000              9.70000000000
          365          9.70000000000              2.98571429000
          366          8.20697899000              3.14606891000
          367          6.51022811000              3.77538120000
          368          6.22689781000              3.93459470000
          369          3.94846097000              6.18283347000
          370          6.79361182000              3.61625980000
          371          4.80638549000              5.05551917000
          372          5.94351539000              4.09371543000
          373          3.66118905000              6.66692983000
          374          3.07886621000              8.28507710000
          375          7.07733545000              3.45757516000
          376          4.23573220000              5.69873742000
          377          5.66018508000              4.25292892000
          378          7.36071761000              3.29845364000
          379          3.37391699000              7.15102685000
          380          5.37680265000              4.41204966000
          381          3.08275554000              7.96010037000
          382          9.32683519000              2.86115413000
          383          4.52300313000              5.21463998000
          384          8.58032468000              2.94133144000
          385          7.64410134000              3.13933341000
          386          5.09347234000              4.57126316000
          387          3.66507831000              6.34195288000
          388          3.95235008000              5.85785846000
          389          3.08664487000              7.63512365000
          390          3.37780632000              6.82605011000
          391          7.92748488000              2.98021342000
          392          4.23962077000              5.37376080000
          393          4.81008986000              4.73038390000
          394          2.72371513000              9.36114709000
          395          2.76834643000              8.81617400000
          396          8.95367038000              2.73659398000
          397          6.23044576000              3.60918114000
          398          6.51377607000              3.44996764000
          399          2.79548345000              8.44419720000
          400          5.94711546000              3.76839463000
          401          3.09053420000              7.31014692000
          402          6.79749969000              3.29128301000
          403          8.21086699000              2.82109215000
          404          5.66378515000              3.92760813000
          405          2.65000000000              9.70000000000
          406          9.70000000000              2.65000000000
          407          4.52675956000              4.88959740000
          408          3.66896742000              6.01697788000
          409          7.08122332000              3.13259838000
          410          2.79937278000              8.11922048000
          411          3.38169558000              6.50107316000
          412          5.38045485000              4.08682163000
          413          3.95623865000              5.53288183000
          414          7.36460704000              2.97347815000
          415          5.09712454000              4.24603513000
          416          3.09442352000              6.98517018000
          417          2.80326211000              7.79424375000
          418          4.24337720000              5.04871821000
          419          8.58421269000              2.61635469000
          420          9.32683519000              2.52543985000
          421          7.64799076000              2.81435793000
          422          4.81379424000              4.40524863000
          423          3.38558930000              6.17609218000
          424          3.67285653000              5.69200287000
          425          2.80715144000              7.46926702000
          426          7.93137288000              2.65523667000
          427          3.09831285000              6.66019344000
          428          2.46171598000              9.02229418000
          429          4.53046393000              4.56446213000
          430          2.48885299000              8.65031738000
          431          3.96004689000              5.20793171000
          432          6.23422798000              3.28420315000
          433          5.95089768000              3.44341664000
          434          6.51755829000              3.12498965000
          435          5.66756737000              3.60263014000
          436          2.38800085000              9.36114709000
          437          2.51599001000              8.27834058000
          438          8.95286979000              2.40803031000
          439          6.80128191000              2.96630502000
          440          5.38423707000              3.76184364000
          441          2.81104076000              7.14429030000
          442          8.21475500000              2.49611540000
          443          7.08511340000              2.80762144000
          444          4.24713362000              4.72367562000
          445          5.10090676000              3.92105714000
          446          2.31428571000              9.70000000000
          447          9.70000000000              2.31428571000
          448          2.51987934000              7.95336385000
          449          3.38947841000              5.85111717000
          450          3.10220657000              6.33521246000
          451          3.67666477000              5.36705274000
          452          7.36849713000              2.64850121000
          453          4.81757645000              4.08027064000
          454          2.81493008000              6.81931356000
          455          2.52376868000              7.62838713000
          456          3.96380332000              4.88288912000
          457          8.58341210000              2.28779102000
          458          7.65187998000              2.48938115000
          459          9.32603460000              2.19687617000
          460          4.53424615000              4.23948413000
          461          2.19824068000              9.13497136000
          462          2.20313978000              8.81000815000
          463          3.10610029000              6.01023148000
          464          2.52765800000              7.30341040000
          465          3.39339431000              5.52614765000
          466          5.95467990000              3.11843865000
          467          2.23027680000              8.43803135000
          468          6.23801020000              2.95922515000
          469          7.93526210000              2.33025988000
          470          2.12452555000              9.47382427000
          471          5.67134959000              3.27765215000
          472          2.81881940000              6.49433683000
          473          6.52134051000              2.80001166000
          474          4.25091584000              4.39869763000
          475          5.38801928000              3.43686565000
          476          3.68047301000              5.04210262000
          477          6.80517200000              2.64132808000
          478          2.23517523000              8.11306828000
          479          5.10468898000              3.59607915000
          480          8.95206920000              2.07946663000
          481          2.53154732000              6.97843367000
          482          8.21864297000              2.17113866000
          483          7.08900349000              2.48264449000
          484          4.82135867000              3.75529264000
          485          3.96758554000              4.55791113000
          486          2.23906457000              7.78809156000
          487          3.11001618000              5.68526196000
          488          1.97857143000              9.70000000000
          489          9.70000000000              1.97857143000
          490          2.82271312000              6.16935585000
          491          7.37238634000              2.32352443000
          492          3.39720255000              5.20119753000
          493          4.53802837000              3.91450614000
          494          1.93476538000              9.24764855000
          495          2.24427524000              7.46253051000
          496          2.53543664000              6.65345694000
          497          1.93966448000              8.92268533000
          498          7.65576919000              2.16440436000
          499          3.68425523000              4.71712463000
          500          8.58730008000              1.96281427000
          501          4.25469806000              4.07371964000
          502          1.94456358000              8.59772211000
          503          9.32603460000              1.86116189000
          504          5.95846211000              2.79346066000
          505          5.67513181000              2.95267416000
          506          6.24179242000              2.63424716000
          507          5.39180150000              3.11188766000
          508          2.24816456000              7.13755379000
          509          2.82674339000              5.84455941000
          510          1.94946202000              8.27275905000
          511          3.11393208000              5.36029244000
          512          6.52512273000              2.47503367000
          513          7.93915007000              2.00528314000
          514          5.10847120000              3.27110116000
          515          1.78881126000              9.47382427000
          516          2.53932596000              6.32848022000
          517          3.97136776000              4.23293314000
          518          6.80895422000              2.31635008000
          519          3.40092493000              4.87633813000
          520          1.95436046000              7.94779598000
          521          4.82514089000              3.43031465000
          522          8.94219672000              1.75738318000
          523          7.09289292000              2.15766775000
          524          2.25205388000              6.81257706000
          525          8.22253095000              1.84616191000
          526          4.54181059000              3.58952815000
          527          1.95957113000              7.62223494000
          528          3.68803745000              4.39214664000
          529          2.83065929000              5.51958990000
          530          7.37627577000              1.99854769000
          531          2.54335623000              6.00368379000
          532          1.64285714000              9.70000000000
          533          9.70000000000              1.64285714000
          534          4.25848028000              3.74874165000
          535          3.11765446000              5.03543304000
          536          1.64653565000              9.14675822000
          537          1.65143475000              8.82179500000
          538          1.96478179000              7.29667390000
          539          2.25594320000              6.48760033000
          540          7.65965594000              1.83942768000
          541          3.40470715000              4.55136013000
          542          1.66558656000              8.43099835000
          543          5.67891403000              2.62769617000
          544          8.57742760000              1.64073082000
          545          5.96224433000              2.46848267000
          546          5.39558372000              2.78690967000
          547          3.97514998000              3.90795515000
          548          6.24557464000              2.30926917000
          549          5.11225342000              2.94612316000
          550          9.31616212000              1.53907844000
          551          1.67048500000              8.10603529000
          552          6.52890494000              2.15005567000
          553          4.82892311000              3.10533666000
          554          1.96867112000              6.97169717000
          555          2.54738650000              5.67888735000
          556          1.50058154000              9.37293394000
          557          7.94303682000              1.68030646000
          558          2.83432416000              5.19464653000
          559          6.81284365000              1.99137334000
          560          3.69181967000              4.06716865000
          561          2.25990450000              6.16258977000
          562          4.54559281000              3.26455016000
          563          1.67538334000              7.78107249000
          564          3.12137684000              4.71057363000
          565          7.09678235000              1.83269101000
          566          8.93232424000              1.43529973000
          567          4.26226250000              3.42376366000
          568          1.97256044000              6.64672044000
          569          8.22641892000              1.52118517000
          570          1.68059401000              7.45551145000
          571          3.40848936000              4.22638214000
          572          7.38016252000              1.67357101000
          573          2.55105137000              5.35394399000
          574          1.35830593000              9.04586788000
          575          3.97893219000              3.58297716000
          576          2.26393477000              5.83779334000
          577          2.83804654000              4.86978713000
          578          1.37245774000              8.65507124000
          579          1.30714286000              9.70000000000
          580          9.70000000000              1.30714286000
          581          1.68547880000              7.13055278000
          582          5.68269625000              2.30271818000
          583          5.39936594000              2.46193167000
          584          5.96602655000              2.14350468000
          585          1.97652174000              6.32170988000
          586          5.11603564000              2.62114517000
          587          7.66354269000              1.51445100000
          588          1.38660954000              8.26427460000
          589          6.24935686000              1.98429118000
          590          3.12515906000              4.38559564000
          591          8.58131557000              1.31575408000
          592          3.69560189000              3.74219065000
          593          4.83270533000              2.78035867000
          594          6.53334909000              1.82551889000
          595          1.39150789000              7.93931180000
          596          4.54937502000              2.93957217000
          597          9.31616212000              1.20336415000
          598          1.68936812000              6.80557605000
          599          7.94692480000              1.35532971000
          600          2.26787327000              5.51313459000
          601          6.81728780000              1.66683656000
          602          2.55471624000              5.02900063000
          603          1.16486725000              9.37293394000
          604          4.26604472000              3.09878567000
          605          3.41227158000              3.90140415000
          606          1.39640623000              7.61434900000
          607          1.98048305000              5.99669932000
          608          2.84182875000              4.54480914000
          609          8.87669375000              1.14720550000
          610          7.10066949000              1.50771484000
          611          3.98271441000              3.25799916000
          612          1.69441634000              6.48091083000
          613          8.23030690000              1.19620843000
          614          1.08368265000              9.13827296000
          615          1.40129101000              7.28939033000
          616          1.08858191000              8.81330989000
          617          3.12894128000              4.06061765000
          618          7.38404966000              1.34859483000
          619          3.69938411000              3.41721266000
          620          2.27153815000              5.18819123000
          621          1.10273372000              8.42251325000
          622          5.40314816000              2.13695368000
          623          5.68647847000              1.97774019000
          624          1.98442155000              5.67204057000
          625          5.11981785000              2.29616718000
          626          2.55849846000              4.70402264000
          627          5.96980877000              1.81852669000
          628          4.83648755000              2.45538068000
          629         0.971428571000              9.70000000000
          630          9.70000000000             0.971428571000
          631          1.40617580000              6.96443166000
          632          1.10763319000              8.09755025000
          633          6.25380101000              1.65975440000
          634          7.66743209000              1.18947442000
          635          1.69837764000              6.15590026000
          636          8.52568508000              1.02765985000
          637          4.55315724000              2.61459418000
          638          3.41605380000              3.57642616000
          639          2.84561097000              4.21983115000
          640          6.53779324000              1.50098211000
          641          9.26053163000             0.915269919000
          642          4.26982694000              2.77380768000
          643          1.11253153000              7.77258745000
          644         0.890243975000              9.46533901000
          645          1.41122402000              6.63976643000
          646          6.82117493000              1.34186039000
          647          7.95081419000              1.03035313000
          648          1.98836005000              5.34738183000
          649          3.98649663000              2.93302117000
          650          2.27516815000              4.86323614000
          651          3.13272350000              3.73563966000
          652          1.11743436000              7.44762559000
          653          8.82106327000             0.859111267000
          654          1.70101475000              5.83095577000
          655          2.56228067000              4.37904465000
          656         0.809059379000              9.23067803000
          657          7.10455663000              1.18273866000
          658         0.813958639000              8.90571496000
          659          3.70316633000              3.09223467000
          660          1.41627224000              6.31510121000
          661         0.818857898000              8.58075190000
          662          1.12231915000              7.12266692000
          663          7.38793905000              1.02361825000
          664          2.84939319000              3.89485316000
          665          5.40693038000              1.81197569000
          666          5.12360007000              1.97118919000
          667          5.69026068000              1.65276219000
          668         0.823757368000              8.25578890000
          669          4.84026977000              2.13040269000
          670          3.41983602000              3.25144817000
          671          1.99199006000              5.02242674000
          672          4.55693946000              2.28961619000
          673          1.70495325000              5.50629702000
          674          2.27895037000              4.53825815000
          675         0.828656837000              7.93082591000
          676          1.12727567000              6.79772318000
          677          4.27360916000              2.44882968000
          678          8.29372488000             0.748104213000
          679         0.635714286000              9.70000000000
          680          9.70000000000             0.635714286000
          681          7.67132148000             0.864497838000
          682          9.36428571000             0.635714286000
          683          1.41890935000              5.99015672000
          684          5.97750762000              1.41601884000
          685          6.54168057000              1.17600539000
          686          3.13650572000              3.41066167000
          687          2.56606289000              4.05406665000
          688          3.99027885000              2.60804318000
          689         0.833559663000              7.60586404000
          690          6.26149985000              1.25724655000
          691          6.82506227000              1.01688367000
          692         0.554529689000              9.46533901000
          693          8.92481735000             0.579555634000
          694          1.13232389000              6.47305796000
          695         0.554529689000              9.12962473000
          696          3.70694855000              2.76725668000
          697          1.70879920000              5.18168717000
          698         0.559428949000              8.80466166000
          699         0.838462488000              7.28090218000
          700          1.99562007000              4.69747165000
          701          8.58910306000             0.579555634000
          702          2.85317541000              3.56987517000
          703          1.42154645000              5.66521222000
          704         0.559428949000              8.46894738000
          705          2.28273259000              4.21328016000
          706          3.42361824000              2.92647018000
          707          5.12738229000              1.64621120000
          708          5.41071260000              1.48699770000
          709         0.564328419000              8.14398438000
          710          4.84405199000              1.80542470000
          711          1.13625934000              6.15021138000
          712         0.843419016000              6.95595844000
          713          8.01423217000             0.582248919000
          714          4.56072168000              1.96463819000
          715          2.56984510000              3.72908866000
          716          3.14028793000              3.08568368000
          717          4.27739138000              2.12385169000
          718         0.564328419000              7.80827010000
          719          7.67851788000             0.582248919000
          720          7.05942117000             0.741369332000
          721          1.71242921000              4.85673208000
          722          5.69795953000              1.25025434000
          723          1.42539241000              5.34060237000
          724          3.99406107000              2.28306519000
          725          1.99940228000              4.37249366000
          726         0.848375544000              6.63101471000
          727          6.54556790000             0.851028678000
          728         0.569231244000              7.48330823000
          729          1.13889645000              5.82526688000
          730         0.300000000000              9.70000000000
          731          9.70000000000             0.300000000000
          732          9.36428571000             0.300000000000
          733         0.300000000000              9.36428571000
          734          2.85695763000              3.24489717000
          735          3.71073076000              2.44227869000
          736          6.26538719000             0.932269831000
          737          7.34280360000             0.582248919000
          738          2.28651480000              3.88830217000
          739         0.300000000000              9.02857143000
          740          9.02857143000             0.300000000000
          741          5.98520647000              1.01351098000
          742         0.300000000000              8.69285714000
          743          8.69285714000             0.300000000000
          744          3.42740046000              2.60149219000
          745         0.852310995000              6.30816812000
          746         0.569231244000              7.14759395000
          747         0.300000000000              8.35714286000
          748          8.35714286000             0.300000000000
          749          1.42923836000              5.01599251000
          750          2.57362732000              3.40411067000
          751          1.71607980000              4.53171004000
          752          1.14223148000              5.50046325000
          753          5.13116451000              1.32123321000
          754          4.84783421000              1.48044671000
          755          3.14407015000              2.76070568000
          756          8.02142857000             0.300000000000
          757         0.300000000000              8.02142857000
          758          2.00318450000              4.04751567000
          759          5.41449482000              1.16201971000
          760          4.56450390000              1.63966020000
          761         0.574187772000              6.82265021000
          762          6.77992681000             0.575514339000
          763          4.28117359000              1.79887370000
          764         0.856246447000              5.98532154000
          765         0.300000000000              7.68571429000
          766          7.68571429000             0.300000000000
          767          3.99784329000              1.95808720000
          768          2.29029702000              3.56332418000
          769          2.86073985000              2.91991918000
          770          5.70174175000             0.925276351000
          771          3.71451298000              2.11730070000
          772          1.43288895000              4.69097048000
          773         0.574187772000              6.48693592000
          774          1.14607743000              5.17585340000
          775          6.44421252000             0.575514339000
          776          1.71986202000              4.20673205000
          777         0.300000000000              7.35000000000
          778          7.35000000000             0.300000000000
          779          6.16403180000             0.656755492000
          780          3.43118268000              2.27651420000
          781         0.859581480000              5.66051791000
          782          2.57740954000              3.07913268000
          783          2.00696672000              3.72253768000
          784         0.300000000000              7.01428571000
          785          7.01428571000             0.300000000000
          786          3.14785237000              2.43572769000
          787         0.578123223000              6.16408934000
          788          4.85161642000              1.15546871000
          789          5.13494673000             0.996255216000
          790          2.29407924000              3.23834619000
          791          1.14951411000              4.85019156000
          792          4.56828612000              1.31468221000
          793          1.43653953000              4.36594844000
          794          5.82831752000             0.656755492000
          795          5.41827704000             0.837041718000
          796          4.28495581000              1.47389571000
          797         0.862916512000              5.33571429000
          798          2.86452207000              2.59494119000
          799          1.72363644000              3.88175131000
          800         0.300000000000              6.67857143000
          801          6.67857143000             0.300000000000
          802          4.00162551000              1.63310921000
          803         0.578123223000              5.82837506000
          804          3.71829520000              1.79232271000
          805          2.01074893000              3.39755969000
          806          2.58119176000              2.75415469000
          807          3.43496490000              1.95153620000
          808         0.300000000000              6.34285714000
          809          6.34285714000             0.300000000000
          810          1.15316470000              4.52516952000
          811         0.866353186000              5.01005245000
          812          1.44031395000              4.04096770000
          813          3.15163459000              2.11074970000
          814          5.54485280000             0.568520859000
          815         0.581458256000              5.50357143000
          816          2.29786145000              2.91336819000
          817          1.72741866000              3.55677332000
          818          2.86830429000              2.26996320000
          819         0.300000000000              6.00714286000
          820          6.00714286000             0.300000000000
          821          4.57206834000             0.989704221000
          822          4.28873803000              1.14891772000
          823          4.00540773000              1.30813122000
          824          2.01453115000              3.07258169000
          825         0.869789860000              4.68439061000
          826          1.15698065000              4.20018129000
          827          4.92580821000             0.727734357000
          828          2.58497398000              2.42917670000
          829          3.72207742000              1.46734471000
          830          5.20913852000             0.568520859000
          831         0.581458256000              5.16785714000
          832          1.44408838000              3.71598695000
          833          3.43874712000              1.62655821000
          834         0.300000000000              5.67142857000
          835          5.67142857000             0.300000000000
          836          2.30164367000              2.58839019000
          837          1.73120082000              3.23179517000
          838          3.15541681000              1.78577171000
          839         0.873605818000              4.35940238000
          840         0.584894930000              4.84219531000
          841          2.87208651000              1.94498521000
          842          1.16075508000              3.87520055000
          843          2.01831337000              2.74760369000
          844         0.300000000000              5.33571429000
          845          5.33571429000             0.300000000000
          846          1.44787054000              3.39100880000
          847          4.29252025000             0.823939728000
          848          2.58875620000              2.10419871000
          849          4.00918995000             0.983153226000
          850          3.72585964000              1.14236672000
          851          4.64626013000             0.561969864000
          852          1.73498303000              2.90681716000
          853          3.44252933000              1.30158022000
          854         0.877421775000              4.03441415000
          855          2.30542589000              2.26341220000
          856         0.584894930000              4.50648102000
          857         0.300000000000              5.00000000000
          858          5.00000000000             0.300000000000
          859          3.15919903000              1.46079372000
          860          1.16453984000              3.55022192000
          861          2.87586872000              1.62000722000
          862          2.02209559000              2.42262570000
          863          1.45165270000              3.06603064000
          864          4.31054584000             0.561969864000
          865          2.59253842000              1.77922071000
          866         0.588710888000              4.18149279000
          867         0.881206535000              3.70943552000
          868         0.300000000000              4.66428571000
          869          4.66428571000             0.300000000000
          870          1.73876528000              2.58183919000
          871          1.16832200000              3.22524377000
          872          2.30920811000              1.93843421000
          873          3.44631155000             0.976602230000
          874          3.16298125000              1.13581573000
          875          3.97483155000             0.561969864000
          876          1.45543495000              2.74105267000
          877          2.02587781000              2.09764771000
          878          3.69150125000             0.721183362000
          879         0.300000000000              4.32857143000
          880          4.32857143000             0.300000000000
          881         0.588710888000              3.84577850000
          882         0.884991295000              3.38445689000
          883          2.88623879000              1.22298826000
          884          1.74254750000              2.25686120000
          885          1.17210464000              2.90026616000
          886          2.60290848000              1.38220176000
          887          2.31299033000              1.61345622000
          888         0.300000000000              3.99285714000
          889          3.99285714000             0.300000000000
          890          1.45921719000              2.41607470000
          891         0.592495648000              3.52079988000
          892          2.02966003000              1.77266972000
          893          3.16676347000             0.810837737000
          894         0.888773938000              3.05947929000
          895          3.41195316000             0.555418869000
          896          1.17588689000              2.57528819000
          897          1.74632972000              1.93188321000
          898          2.89002101000             0.898010271000
          899         0.300000000000              3.65714286000
          900          3.65714286000             0.300000000000
          901         0.592495648000              3.18508559000
          902          1.46299942000              2.09109671000
          903         0.892556581000              2.73450169000
          904          2.61327855000             0.985182806000
          905          2.32336040000              1.21643727000
          906          2.03344225000              1.44769172000
          907          3.07623888000             0.555418869000
          908          1.17966911000              2.25031020000
          909          1.75011194000              1.60690522000
          910         0.300000000000              3.32142857000
          911          3.32142857000             0.300000000000
          912          2.79949642000             0.642591403000
          913         0.596278291000              2.86010799000
          914         0.896338803000              2.40952370000
          915          1.46678164000              1.76611872000
          916          2.32714262000             0.891459275000
          917          2.03722447000              1.12271373000
          918          1.18345133000              1.92533221000
          919         0.300000000000              2.98571429000
          920          2.98571429000             0.300000000000
          921          1.75389416000              1.28192723000
          922         0.596278291000              2.52439370000
          923          2.46378213000             0.642591403000
          924         0.900121024000              2.08454571000
          925          1.47056386000              1.44114072000
          926          2.04100669000             0.797735743000
          927         0.300000000000              2.65000000000
          928          2.65000000000             0.300000000000
          929          1.18723355000              1.60035422000
          930         0.600060512000              2.19941571000
          931          1.75767638000             0.956949239000
          932          2.17764620000             0.548867872000
          933         0.903903245000              1.75956772000
          934          1.47434608000              1.11616273000
          935         0.300000000000              2.31428571000
          936          2.31428571000             0.300000000000
          937          1.19101577000              1.27537623000
          938         0.600060512000              1.86370142000
          939          1.84193191000             0.548867872000
          940         0.907685466000              1.43458973000
          941          1.55860161000             0.708081367000
          942         0.300000000000              1.97857143000
          943          1.97857143000             0.300000000000
          944          1.19479799000             0.950398239000
          945         0.603842733000              1.53872343000
          946         0.911467686000              1.10961174000
          947          1.64285714000             0.300000000000
          948         0.300000000000              1.64285714000
          949          1.27905352000             0.542316872000
          950         0.603842733000              1.20300915000
          951         0.915249907000             0.784633745000
          952         0.300000000000              1.30714286000
          953          1.30714286000             0.300000000000
          954         0.607624953000             0.878031158000
          955         0.943339239000             0.542316872000
          956         0.300000000000             0.971428571000
          957         0.971428571000             0.300000000000
          958         0.607624953000             0.542316872000
          959         0.635714286000             0.300000000000
          960         0.300000000000             0.635714286000
          961         0.300000000000             0.300000000000
