 La solucion del sistema es
           10.0000000838              10.0082413557              9.99175841136              10.0327358904
           9.96726388232              10.0734888102              9.92651105723              10.1306894793
           9.86931041201              10.2048803852              9.79511973677              10.2972446304
           9.70275543283              10.4100764465              9.58992351638              10.5475870187
           9.45241304480              10.7173278790              9.28267247487              10.9276499534
           9.07235007265              11.3042749678              8.69572519642             -2.75194491579
           2.75194473592             -1.28711347052              1.28711338958             -1.07097547834
           1.07097508878             -1.28711351956              1.28711387792             -2.75194456921
           2.75194427048              11.3042751813              8.69572505119              10.9276499999
           9.07235013728              10.7173280774              9.28267243508              10.5475875090
           9.45241250408              10.4100769364              9.58992336830              10.2972441927
           9.70275525555              10.2048799608              9.79512047153              10.1306899144
           9.86931063257              10.0734892118              9.92651171977              10.0327366816
           9.96726355484              10.0082409038              9.99175877898              10.0000002268
           10.0000000499              10.0082412966              9.99175833758              10.0327362442
           9.96726379682              10.0734892971              9.92651069124              9.86931098205
           10.1306899232              10.2048804570              9.79512013983              9.70275508976
           10.2972443738              9.58992326358              10.4100768592              9.45241237453
           10.5475869596              9.28267259206              10.7173275372              9.07235032671
           10.9276491176              8.69572514456              11.3042751843              2.75194435712
          -2.75194472316              1.28711362958             -1.28711324943              1.07097698089
          -1.07097569931              1.28711191881             -1.28711285275              2.75194623782
          -2.75194614062              8.69572504453              11.3042752801              9.07235025080
           10.9276494659              9.28267254470              10.7173273647              9.45241318642
           10.5475870329              9.58992294878              10.4100773077              9.70275504522
           10.2972443336              10.2048797355              9.79511989954              9.86931032440
           10.1306895241              9.92651153632              10.0734891568              9.96726409319
           10.0327357168              10.0082415390              9.99175860324              10.0000001694
