            1          10.0000199876
            2          9.97991048108
            3          10.0200938827
            4          9.99999961206
            5          9.94552227828
            6          10.0545077223
            7          10.0122512771
            8          9.94256620267
            9          10.0530696802
           10          9.89674204371
           11          10.1032632433
           12          9.94518437438
           13          9.98569779708
           14          9.88892401705
           15          10.1089695812
           16          9.90823077382
           17          10.0350640490
           18          9.83334215362
           19          10.1666446831
           20          9.95370680868
           21          9.84171251362
           22          10.1766585379
           23          10.0957370606
           24          9.86378989024
           25          9.75468895252
           26          10.2452968906
           27          10.0026117099
           28          9.76225578177
           29          9.90501193134
           30          10.1679445893
           31          10.2604157985
           32          10.0679674330
           33          9.81414673190
           34          9.65954455483
           35          10.3404378805
           36          9.95878930729
           37          9.69193709282
           38          10.2523505844
           39          10.1422841265
           40          9.86399942595
           41          10.3575751584
           42          10.0276738181
           43          9.54557882593
           44          10.4544034348
           45          9.76191671616
           46          9.57224073393
           47          9.93066352064
           48          10.2259712151
           49          10.3483683276
           50          9.82888727425
           51          10.1031748067
           52          9.63643320691
           53          10.4729744499
           54          10.0032452508
           55          9.71993778910
           56          9.40893789173
           57          10.5910654368
           58          9.44372288761
           59          9.90138510026
           60          9.49532892200
           61          10.3160755360
           62          10.4559148078
           63          10.1835186798
           64          10.0796539973
           65          9.79541982758
           66          9.58420931797
           67          10.6052237726
           68          9.97691976889
           69          9.68286736287
           70          9.24233368966
           71          10.7576899223
           72          9.87317463760
           73          9.29202617697
           74          10.4126411886
           75          10.2666772768
           76          9.44815040116
           77          10.1577936324
           78          10.5738179257
           79          10.0532725284
           80          9.76626685109
           81          9.56083307288
           82          10.7607508145
           83          9.95078727205
           84          9.65400680586
           85          9.22287798383
           86          9.84826959720
           87          10.3500680233
           88          10.2353514218
           89          10.5105806945
           90          9.02886675894
           91          10.9711386948
           92          10.1282893242
           93          9.42594618572
           94          10.6986338211
           95          10.0261927805
           96          9.74386450716
           97          9.53423002091
           98          10.9340216591
           99          9.92689506338
          100          8.97967382487
          101          10.3095915623
          102          10.4302392170
          103          10.1996898785
          104          9.24905022757
          105          9.63598318570
          106          10.6066625510
          107          9.82863048578
          108          8.74047059810
          109          11.2595570167
          110          10.0974360640
          111          9.40510065479
          112          10.8215692961
          113          10.0004785867
          114          9.73003234048
          115          9.52351893809
          116          11.1094277913
          117          9.90701261847
          118          10.3772487575
          119          10.2649538764
          120          9.04287440354
          121          10.5027360084
          122          10.1625167103
          123          8.79941440690
          124          9.24086292831
          125          10.6917461621
          126          9.63024996175
          127          9.81571006611
          128          10.0674497642
          129          8.46121244553
          130          11.5387862962
          131          9.40633484952
          132          10.9273835457
          133          9.97788716593
          134          9.72575745304
          135          8.88382055372
          136          9.52921791482
          137          11.2421419725
          138          9.89247522007
          139          10.3213358704
          140          10.4346380086
          141          9.09106569356
          142          8.59469455012
          143          10.2193418611
          144          10.5624187346
          145          10.1262286251
          146          9.28610721868
          147          10.7580871603
          148          9.63699092857
          149          10.0401522067
          150          9.81035317999
          151          8.34214084714
          152          11.6578265867
          153          9.42808933299
          154          11.0000374411
          155          8.73274949622
          156          9.95975605333
          157          8.97216590344
          158          9.73120875476
          159          10.3660414359
          160          10.2657917469
          161          9.55012180497
          162          10.4780468346
          163          9.16732150610
          164          10.1752249019
          165          9.88413276414
          166          11.3089978773
          167          10.6043099495
          168          8.52954859488
          169          10.0926858832
          170          9.32974498775
          171          10.7979479542
          172          10.0169057154
          173          9.65538943384
          174          9.81283512420
          175          8.80513857324
          176          9.46700470844
          177          8.31833308633
          178          11.6816633074
          179          9.03138251858
          180          11.0304806289
          181          9.94698454822
          182          10.2998866387
          183          10.3965488201
          184          10.2129197085
          185          9.74592707738
          186          10.5043218870
          187          8.63614346141
          188          10.1343817397
          189          9.23911000753
          190          9.58403779064
          191          9.88239324503
          192          10.6246205257
          193          11.3151639856
          194          10.0632215813
          195          9.39083425933
          196          8.90158099772
          197          10.8062563786
          198          9.99863465817
          199          9.68404787439
          200          9.82299667672
          201          9.13655243498
          202          9.51919985066
          203          8.34214081068
          204          11.6578265612
          205          11.0163450693
          206          10.3200163750
          207          9.94008482329
          208          10.2380011069
          209          10.4109784251
          210          10.1642318803
          211          10.5114246848
          212          10.0980064346
          213          9.76908402425
          214          9.32612804465
          215          8.68417658002
          216          9.62846125001
          217          10.6214529388
          218          9.88732515057
          219          10.0387147200
          220          11.2583038619
          221          9.46381772059
          222          10.7837901028
          223          9.98589581158
          224          9.07886845719
          225          9.72138493253
          226          9.84041586314
          227          10.2495189799
          228          10.3251633437
          229          9.58104253947
          230          10.1814325382
          231          10.4083939975
          232          9.27845317933
          233          9.93927467245
          234          10.9583673522
          235          10.1206494724
          236          8.46121245779
          237          11.5387862276
          238          10.4987799280
          239          10.0668390671
          240          9.42154568130
          241          9.79973023284
          242          9.68105183287
          243          8.93936638708
          244          10.5950684837
          245          9.89878460086
          246          10.0196906637
          247          11.1374652094
          248          9.54415304689
          249          10.7302257509
          250          9.97897520879
          251          10.2470140149
          252          9.25392608215
          253          10.1854858269
          254          9.76593358144
          255          9.86457371461
          256          10.3150572486
          257          10.1307075416
          258          10.3889601774
          259          9.64956964319
          260          10.0826790982
          261          9.39635126448
          262          9.94458225332
          263          10.8626189439
          264          8.74047064153
          265          11.2595569315
          266          10.4673771587
          267          8.91993106228
          268          10.0412938180
          269          9.52036635974
          270          9.83698876380
          271          10.5478909548
          272          9.73991810230
          273          10.0064251815
          274          9.91653568466
          275          9.21984211622
          276          10.9643384805
          277          9.62857412568
          278          10.6549559531
          279          10.1762703405
          280          10.2305876888
          281          9.97798247984
          282          10.1279710783
          283          9.39179827548
          284          10.2902245645
          285          10.0860269016
          286          9.81652703958
          287          9.89498680257
          288          10.3539264577
          289          10.0505575459
          290          9.72267801641
          291          9.51201243461
          292          9.95594065041
          293          10.4196342776
          294          10.7437887248
          295          10.0215711491
          296          9.02886679507
          297          10.9711386151
          298          9.11830461888
          299          9.61955938708
          300          9.22787937333
          301          10.4841733285
          302          9.88018082148
          303          9.80374794857
          304          9.99903757216
          305          9.94034581828
          306          9.37860428046
          307          10.1540639303
          308          10.1124991047
          309          9.71511823174
          310          10.2008963298
          311          10.7892801689
          312          10.0768364323
          313          10.5628894453
          314          9.98293380503
          315          10.2519184201
          316          9.52051783542
          317          10.0474094528
          318          9.87239268040
          319          10.3054421117
          320          9.93129573701
          321          10.0243646326
          322          9.62348321758
          323          9.79914109075
          324          9.97326363887
          325          10.3589941914
          326          10.0077479328
          327          10.6180340987
          328          9.24233370057
          329          10.7576898869
          330          9.29615011734
          331          9.71780208443
          332          9.42265877239
          333          10.4091595484
          334          9.92889365515
          335          9.99756467374
          336          9.87183130785
          337          10.0846164834
          338          9.97005217001
          339          10.1195138232
          340          10.0552361265
          341          9.54564537928
          342          10.1590698603
          343          10.0318756973
          344          9.80295586121
          345          10.2019500740
          346          10.6293190022
          347          10.4661237673
          348          10.0147952861
          349          9.99381360242
          350          9.64033154157
          351          10.2462314150
          352          9.93317577568
          353          10.0041062220
          354          9.97331494875
          355          9.73067916770
          356          9.87851568978
          357          10.2893273921
          358          9.99649557504
          359          9.99984313636
          360          10.4968540434
          361          9.47183529053
          362          9.81501775203
          363          9.58503484221
          364          9.40893784363
          365          10.5910654068
          366          10.3280085724
          367          10.0447541993
          368          10.0214277654
          369          9.98300230301
          370          10.0734233512
          371          10.0020117926
          372          10.0040096339
          373          9.94401473493
          374          9.66879957986
          375          10.1065787771
          376          10.0055970930
          377          9.99285888260
          378          10.1424609964
          379          9.89214046460
          380          9.98808876626
          381          9.75286846049
          382          10.4939271434
          383          10.0106119123
          384          10.3675045448
          385          10.1792177769
          386          9.98975970686
          387          9.99892009884
          388          10.0210487154
          389          9.83457419791
          390          9.96101074322
          391          10.2143575461
          392          10.0256348505
          393          9.99785741494
          394          9.55215286067
          395          9.63183636816
          396          10.3855086665
          397          9.97584587456
          398          9.99371676290
          399          9.70631715921
          400          9.96404086295
          401          9.91195597476
          402          10.0171939198
          403          10.2450357458
          404          9.95862573584
          405          9.54557882102
          406          10.4544033645
          407          10.0123853573
          408          10.0426600849
          409          10.0450865301
          410          9.78260233621
          411          10.0206346326
          412          9.95971323777
          413          10.0470360072
          414          10.0757037397
          415          9.96729940060
          416          9.98338756898
          417          9.86022583265
          418          10.0333486194
          419          10.2751763625
          420          10.3754085648
          421          10.1072270934
          422          9.98133931263
          423          10.0700323667
          424          10.0746822589
          425          9.93669933332
          426          10.1373289325
          427          10.0473719838
          428          9.68756658637
          429          10.0017988314
          430          9.74646176942
          431          10.0607408213
          432          9.91907232191
          433          9.91225262337
          434          9.93243337505
          435          9.91222678440
          436          9.66421150911
          437          9.81740695066
          438          10.2856351098
          439          9.95191922297
          440          9.91900501195
          441          10.0099174962
          442          10.1635328267
          443          9.97633061530
          444          10.0286806857
          445          9.93246830410
          446          9.65954461247
          447          10.3404378552
          448          9.88999642190
          449          10.1082744543
          450          10.1024575799
          451          10.0945325027
          452          10.0039001277
          453          9.95246374812
          454          10.0779294757
          455          9.96461504642
          456          10.0620251945
          457          10.1876843015
          458          10.0328542282
          459          10.2759810636
          460          9.97887375888
          461          9.74617608668
          462          9.79334591202
          463          10.1472469670
          464          10.0389083108
          465          10.1345471891
          466          9.84873604827
          467          9.85492975058
          468          9.85144943819
          469          10.0609670864
          470          9.73021644418
          471          9.85359382050
          472          10.1388122290
          473          9.86161947201
          474          10.0116572069
          475          9.86584248608
          476          10.1018859563
          477          9.87892450535
          478          9.92172659746
          479          9.88515329206
          480          10.1975965816
          481          10.1106252073
          482          10.0859813367
          483          9.90207176688
          484          9.91117489197
          485          10.0508637624
          486          9.99375365119
          487          10.1804656468
          488          9.75468901040
          489          10.2452969981
          490          10.1906477165
          491          9.92921376894
          492          10.1482712348
          493          9.94362659164
          494          9.80049974821
          495          10.0682773313
          496          10.1774632184
          497          9.84042597308
          498          9.95848779576
          499          10.0966237106
          500          10.1103197232
          501          9.98235666405
          502          9.89194032160
          503          10.1898633249
          504          9.77350664748
          505          9.78254144897
          506          9.77332912841
          507          9.79996333297
          508          10.1433162111
          509          10.2315441976
          510          9.95302906650
          511          10.2010907742
          512          9.78208284445
          513          9.98761656072
          514          9.82511238307
          515          9.81438217680
          516          10.2370033532
          517          10.0273693475
          518          9.79949633284
          519          10.1491141270
          520          10.0216593455
          521          9.85731636915
          522          10.1216071865
          523          9.82413774409
          524          10.2162176051
          525          10.0143750834
          526          9.89602078510
          527          10.0958817903
          528          10.0788262265
          529          10.2600015531
          530          9.85383157988
          531          10.2867036759
          532          9.83334221341
          533          10.1666448533
          534          9.94086949272
          535          10.2084863736
          536          9.87581070756
          537          9.91767466530
          538          10.1735168511
          539          10.2841926005
          540          9.88644172699
          541          10.1370267336
          542          9.98133083534
          543          9.69861746182
          544          10.0404362383
          545          9.68636640960
          546          9.72083108813
          547          9.99174341835
          548          9.68495060232
          549          9.75185834187
          550          10.1200598181
          551          10.0463147237
          552          9.69465143311
          553          9.79054003910
          554          10.2523530153
          555          10.3242868731
          556          9.88237217373
          557          9.91944508639
          558          10.2748256904
          559          9.71515884894
          560          10.0487686579
          561          10.3441210305
          562          9.83589646933
          563          10.1193536083
          564          10.2023691127
          565          9.74457219386
          566          10.0573038242
          567          9.88724064332
          568          10.3293571530
          569          9.95048763147
          570          10.1988884939
          571          10.1123049616
          572          9.78013497069
          573          10.3479130428
          574          9.94141511845
          575          9.94422869787
          576          10.3927268472
          577          10.2752874220
          578          9.99538940419
          579          9.89674199640
          580          10.1032633702
          581          10.2828158467
          582          9.60097132959
          583          9.62748733029
          584          9.58682337041
          585          10.4009638553
          586          9.66451791946
          587          9.81913329820
          588          10.0657806799
          589          9.58645170144
          590          10.1829219892
          591          9.98266573419
          592          10.0068675627
          593          9.71018463120
          594          9.60059773407
          595          10.1367336158
          596          9.76287150518
          597          10.0620968090
          598          10.3689389301
          599          9.85861556675
          600          10.4271045204
          601          9.62801865022
          602          10.3561521661
          603          9.93886510513
          604          9.82138911961
          605          10.0755003540
          606          10.2167989610
          607          10.4630258045
          608          10.2613646692
          609          10.0033998023
          610          9.66590105567
          611          9.88503911826
          612          10.4530444743
          613          9.89602767911
          614          9.97272179337
          615          10.3047627318
          616          10.0139859393
          617          10.1507856788
          618          9.71092913185
          619          9.95361190702
          620          10.4450593277
          621          10.0787749993
          622          9.51834878817
          623          9.48818355295
          624          10.5111778607
          625          9.56163623463
          626          10.3485003905
          627          9.47401671790
          628          9.61510884267
          629          9.94552210113
          630          10.0545078164
          631          10.3989110011
          632          10.1465480553
          633          9.47828500388
          634          9.75923247904
          635          10.5311276789
          636          9.93035135791
          637          9.67621028855
          638          10.0273523922
          639          10.2336805029
          640          9.50113684325
          641          10.0184627543
          642          9.74300791924
          643          10.2256042985
          644          9.96773908292
          645          10.4962967356
          646          9.54022964549
          647          9.80736650228
          648          10.5417192807
          649          9.81427880763
          650          10.4452282644
          651          10.1069229314
          652          10.3155337103
          653          9.95888334753
          654          10.5974472012
          655          10.3254280050
          656          9.99601537172
          657          9.59152034138
          658          10.0338234525
          659          9.88948553582
          660          10.5923084984
          661          10.0845533557
          662          10.4157883752
          663          9.64964990502
          664          10.1933833354
          665          9.39091517359
          666          9.44089697822
          667          9.35802320694
          668          10.1480544644
          669          9.50345596540
          670          9.96869830001
          671          10.5522523922
          672          9.57464667755
          673          10.6450607822
          674          10.4275407579
          675          10.2243394233
          676          10.5251321634
          677          9.65144120046
          678          9.85207267665
          679          9.97991031784
          680          10.0200939373
          681          9.70969724427
          682          9.99999965736
          683          10.6808623208
          684          9.31468918265
          685          9.39852250802
          686          10.0525135434
          687          10.2881991210
          688          9.73185616006
          689          10.3136677958
          690          9.33182230315
          691          9.45628016194
          692          9.99861774992
          693          9.94788879175
          694          10.6403801887
          695          10.0286516978
          696          9.81489500794
          697          10.6699544250
          698          10.0708708160
          699          10.4165804379
          700          10.5417502935
          701          9.89507567568
          702          10.1420025747
          703          10.7523108359
          704          10.1288134745
          705          10.3932818919
          706          9.90039035848
          707          9.29871252891
          708          9.24132154121
          709          10.1982642918
          710          9.37231129130
          711          10.7545517376
          712          10.5337581619
          713          9.77148058528
          714          9.45613387212
          715          10.2387094510
          716          9.98883648369
          717          9.54552818682
          718          10.2852182778
          719          9.67861647989
          720          9.48678467945
          721          10.6697994843
          722          9.16808712695
          723          10.7978990030
          724          9.63739715259
          725          10.5110541224
          726          10.6654014417
          727          9.29819646154
          728          10.3844039025
          729          10.8575096516
          730          10.0000198169
          731          10.0000199724
          732          9.97991046620
          733          10.0200938466
          734          10.0812691007
          735          9.73011688427
          736          9.20466302756
          737          9.56885829656
          738          10.3447115831
          739          10.0545077407
          740          9.94552231404
          741          9.13012640395
          742          10.1032632696
          743          9.89674215800
          744          9.82324277271
          745          10.8080850947
          746          10.5054274788
          747          10.1666447186
          748          9.83334231521
          749          10.8132697199
          750          10.1792177149
          751          10.6444980010
          752          10.9335504266
          753          9.12963281905
          754          9.21719772171
          755          9.91718467766
          756          9.75468910813
          757          10.2452968774
          758          10.4627570402
          759          9.06359123663
          760          9.31746917999
          761          10.6424297984
          762          9.33797795135
          763          9.42338865377
          764          10.9509143418
          765          10.3404378189
          766          9.65954467531
          767          9.53015967436
          768          10.2847431536
          769          10.0129636045
          770          8.98348036119
          771          9.63528078308
          772          10.7970237598
          773          10.8108629538
          774          10.9728238535
          775          9.16593127341
          776          10.5964881170
          777          10.4544034319
          778          9.54557885453
          779          9.03756887107
          780          9.73803028874
          781          11.0718725044
          782          10.1120815137
          783          10.4005796278
          784          10.5910655554
          785          9.40893783814
          786          9.83884042025
          787          10.9980922593
          788          9.03137738026
          789          8.92561301531
          790          10.2165016380
          791          10.9722838026
          792          9.15368854478
          793          10.7507399825
          794          8.85763901907
          795          8.84820237758
          796          9.28208762030
          797          11.1479817016
          798          9.93883533439
          799          10.5304241230
          800          10.7576900731
          801          9.24233365421
          802          9.40894796497
          803          11.1972531023
          804          9.53041510104
          805          10.3287407116
          806          10.0395753971
          807          9.64556748655
          808          10.9711387695
          809          9.02886674152
          810          10.9317181597
          811          11.1725100855
          812          10.6794541859
          813          9.75513523303
          814          8.66750847470
          815          11.3347578471
          816          10.1429627026
          817          10.4521041812
          818          9.86061552514
          819          11.2595569909
          820          8.74047060324
          821          8.95698682154
          822          9.11699250354
          823          9.27201941534
          824          10.2512657606
          825          11.1460794751
          826          10.8552108002
          827          8.71947776075
          828          9.96383330787
          829          9.41561653818
          830          8.59197313116
          831          11.4005574486
          832          10.5911603600
          833          9.54692318020
          834          11.5387862577
          835          8.46121243540
          836          10.0667767389
          837          10.3672533157
          838          9.66762426969
          839          11.0687417451
          840          11.3983483747
          841          9.78013552614
          842          10.7527067851
          843          10.1715762237
          844          11.6578265923
          845          8.34214080477
          846          10.4944746405
          847          8.92013037975
          848          9.88691438274
          849          9.11695581520
          850          9.29151525888
          851          8.60905588636
          852          10.2805618794
          853          9.44389490098
          854          10.9479002587
          855          9.99028303462
          856          11.3348441938
          857          11.6816633332
          858          8.31833308503
          859          9.57842995932
          860          10.6378166157
          861          9.69955769204
          862          10.0924301912
          863          10.3963770280
          864          8.72038085297
          865          9.81096716016
          866          11.1949055620
          867          10.8047432712
          868          11.6578265925
          869          8.34214082174
          870          10.1954605289
          871          10.5221480322
          872          9.91565200029
          873          9.34005119556
          874          9.49085470166
          875          8.90780809474
          876          10.3014389791
          877          10.0160915287
          878          9.14180020482
          879          11.5387862493
          880          8.46121245172
          881          10.9992669968
          882          10.6617115000
          883          9.60341004320
          884          10.1143927687
          885          10.4123857342
          886          9.72154043446
          887          9.84508261670
          888          11.2595569527
          889          8.74047062665
          890          10.2123622179
          891          10.8100145721
          892          9.94457269781
          893          9.41038087903
          894          10.5301204159
          895          9.23858172046
          896          10.3114837056
          897          10.0392177761
          898          9.53425961346
          899          10.9711387186
          900          9.02886675611
          901          10.6426237123
          902          10.1307932317
          903          10.4127368057
          904          9.64258662259
          905          9.76639738204
          906          9.87985055574
          907          9.39981903373
          908          10.2206017671
          909          9.97154066407
          910          10.7576900014
          911          9.24233367400
          912          9.52484113559
          913          10.5047549384
          914          10.3093715345
          915          10.0579146895
          916          9.71386838428
          917          9.82399922767
          918          10.1402686667
          919          10.5910654389
          920          9.40893789911
          921          9.91291512588
          922          10.3840325737
          923          9.64087478437
          924          10.2193289260
          925          9.99477209099
          926          9.77919686503
          927          10.4544033061
          928          9.54557890503
          929          10.0708946849
          930          10.2840922000
          931          9.86491635023
          932          9.71738567847
          933          10.1420775632
          934          9.94241089527
          935          10.3404377882
          936          9.65954465929
          937          10.0129557568
          938          10.1971201286
          939          9.80382461215
          940          10.0773787297
          941          9.87837936675
          942          10.2452969409
          943          9.75468897731
          944          9.96702042278
          945          10.1268476326
          946          10.0252573765
          947          9.83334210818
          948          10.1666447326
          949          9.91478308257
          950          10.0686903851
          951          9.98591778528
          952          10.1032631875
          953          9.89674194709
          954          10.0255555789
          955          9.96208439564
          956          10.0545076251
          957          9.94552213559
          958          9.99520701554
          959          9.97991035179
          960          10.0200937907
          961          10.0000198693
